"PreSens Measurement Studio 2","2.1.0.443",""
"Date","Time","Channel","User","SensorID","Sensor_Name","delta_t","Time_Unit","Value","O2_Unit","Mode","Phase","Phase_Unit","Amplitude","Amplitude_Unit","Temp","Temp_Unit","Pressure","Pressure_Unit","Salinity","Salinity_Unit","Error","Cal0","Cal0_Unit","T0","T0_Unit","O2Cal2nd","O2_Unit","Cal2nd","Cal2nd_Unit","T2nd","T2nd_Unit","CalPressure","CalPressure_Unit","f1","dPhi1","dkSv1","dPhi2","dkSv2","m","Cal_Mode","SignalLEDCurrent","User_Signal_Intensity","ReferenceLEDCurrent","Reference_Amplitude","Device_Serial","FwVersion","SwVersion","Sensor_Type","BatchID","Calibration_Date","Sensor_Lot","PreSens_Calibr","Battery_Voltage","Battery_Voltage_Unit"
"07/10/2018","11:49:35","2","default","726512009","O2","0.000","min","223.938","μmol/L","Humid","19.702","deg","148040","µV","25.927","°C","1013.000","hPa","40.0","pmil","0","55.500","deg","20.000","°C","100.000","%a.s.","22.080","deg","20.000","°C","976.000","hPa","0.861","-0.02617","0.00035","0","0","13.56","Humid","69.95","1","60.00","284551.91","SABD0001000008","AAV1.0.0.11","2.1.0.443","PSt7-10","171011-002","6/6/2018 8:55:32 AM","1443-01","0","no battery","V"
"07/10/2018","11:49:36","2","default","726512009","O2","0.022","min","223.950","μmol/L","Humid","19.706","deg","148016","µV","25.913","°C","1013.000","hPa","40.0","pmil","0","55.500","deg","20.000","°C","100.000","%a.s.","22.080","deg","20.000","°C","976.000","hPa","0.861","-0.02617","0.00035","0","0","13.56","Humid","69.95","1","60.00","284524.77","SABD0001000008","AAV1.0.0.11","2.1.0.443","PSt7-10","171011-002","6/6/2018 8:55:32 AM","1443-01","0","no battery","V"
"07/10/2018","11:49:37","2","default","726512009","O2","0.039","min","223.915","μmol/L","Humid","19.705","deg","147972","µV","25.921","°C","1013.000","hPa","40.0","pmil","0","55.500","deg","20.000","°C","100.000","%a.s.","22.080","deg","20.000","°C","976.000","hPa","0.861","-0.02617","0.00035","0","0","13.56","Humid","69.95","1","60.00","284504.34","SABD0001000008","AAV1.0.0.11","2.1.0.443","PSt7-10","171011-002","6/6/2018 8:55:32 AM","1443-01","0","no battery","V"
"07/10/2018","11:49:38","2","default","726512009","O2","0.055","min","223.941","μmol/L","Humid","19.703","deg","147929","µV","25.924","°C","1013.000","hPa","40.0","pmil","0","55.500","deg","20.000","°C","100.000","%a.s.","22.080","deg","20.000","°C","976.000","hPa","0.861","-0.02617","0.00035","0","0","13.56","Humid","69.95","1","60.00","284457.98","SABD0001000008","AAV1.0.0.11","2.1.0.443","PSt7-10","171011-002","6/6/2018 8:55:32 AM","1443-01","0","no battery","V"
"07/10/2018","11:49:39","2","default","726512009","O2","0.074","min","223.973","μmol/L","Humid","19.702","deg","147929","µV","25.922","°C","1013.000","hPa","40.0","pmil","0","55.500","deg","20.000","°C","100.000","%a.s.","22.080","deg","20.000","°C","976.000","hPa","0.861","-0.02617","0.00035","0","0","13.56","Humid","69.95","1","60.00","284473.17","SABD0001000008","AAV1.0.0.11","2.1.0.443","PSt7-10","171011-002","6/6/2018 8:55:32 AM","1443-01","0","no battery","V"
"07/10/2018","11:49:40","2","default","726512009","O2","0.088","min","224.043","μmol/L","Humid","19.702","deg","147892","µV","25.911","°C","1013.000","hPa","40.0","pmil","0","55.500","deg","20.000","°C","100.000","%a.s.","22.080","deg","20.000","°C","976.000","hPa","0.861","-0.02617","0.00035","0","0","13.56","Humid","69.95","1","60.00","284456.12","SABD0001000008","AAV1.0.0.11","2.1.0.443","PSt7-10","171011-002","6/6/2018 8:55:32 AM","1443-01","0","no battery","V"
"07/10/2018","11:49:41","2","default","726512009","O2","0.106","min","224.189","μmol/L","Humid","19.697","deg","147901","µV","25.905","°C","1013.000","hPa","40.0","pmil","0","55.500","deg","20.000","°C","100.000","%a.s.","22.080","deg","20.000","°C","976.000","hPa","0.861","-0.02617","0.00035","0","0","13.56","Humid","69.95","1","60.00","284440.49","SABD0001000008","AAV1.0.0.11","2.1.0.443","PSt7-10","171011-002","6/6/2018 8:55:32 AM","1443-01","0","no battery","V"
"07/10/2018","11:49:42","2","default","726512009","O2","0.122","min","223.999","μmol/L","Humid","19.702","deg","147882","µV","25.918","°C","1013.000","hPa","40.0","pmil","0","55.500","deg","20.000","°C","100.000","%a.s.","22.080","deg","20.000","°C","976.000","hPa","0.861","-0.02617","0.00035","0","0","13.56","Humid","69.95","1","60.00","284441.09","SABD0001000008","AAV1.0.0.11","2.1.0.443","PSt7-10","171011-002","6/6/2018 8:55:32 AM","1443-01","0","no battery","V"
"07/10/2018","11:49:43","2","default","726512009","O2","0.138","min","224.004","μmol/L","Humid","19.701","deg","147872","µV","25.920","°C","1013.000","hPa","40.0","pmil","0","55.500","deg","20.000","°C","100.000","%a.s.","22.080","deg","20.000","°C","976.000","hPa","0.861","-0.02617","0.00035","0","0","13.56","Humid","69.95","1","60.00","284424.90","SABD0001000008","AAV1.0.0.11","2.1.0.443","PSt7-10","171011-002","6/6/2018 8:55:32 AM","1443-01","0","no battery","V"
"07/10/2018","11:49:44","2","default","726512009","O2","0.156","min","224.052","μmol/L","Humid","19.700","deg","147869","µV","25.916","°C","1013.000","hPa","40.0","pmil","0","55.500","deg","20.000","°C","100.000","%a.s.","22.080","deg","20.000","°C","976.000","hPa","0.861","-0.02617","0.00035","0","0","13.56","Humid","69.95","1","60.00","284438.74","SABD0001000008","AAV1.0.0.11","2.1.0.443","PSt7-10","171011-002","6/6/2018 8:55:32 AM","1443-01","0","no battery","V"
"07/10/2018","11:49:45","2","default","726512009","O2","0.172","min","224.077","μmol/L","Humid","19.702","deg","147848","µV","25.906","°C","1013.000","hPa","40.0","pmil","0","55.500","deg","20.000","°C","100.000","%a.s.","22.080","deg","20.000","°C","976.000","hPa","0.861","-0.02617","0.00035","0","0","13.56","Humid","69.95","1","60.00","284440.10","SABD0001000008","AAV1.0.0.11","2.1.0.443","PSt7-10","171011-002","6/6/2018 8:55:32 AM","1443-01","0","no battery","V"
"07/10/2018","11:49:46","2","default","726512009","O2","0.189","min","224.100","μmol/L","Humid","19.701","deg","147843","µV","25.906","°C","1013.000","hPa","40.0","pmil","0","55.500","deg","20.000","°C","100.000","%a.s.","22.080","deg","20.000","°C","976.000","hPa","0.861","-0.02617","0.00035","0","0","13.56","Humid","69.95","1","60.00","284418.27","SABD0001000008","AAV1.0.0.11","2.1.0.443","PSt7-10","171011-002","6/6/2018 8:55:32 AM","1443-01","0","no battery","V"
"07/10/2018","11:49:47","2","default","726512009","O2","0.206","min","224.161","μmol/L","Humid","19.698","deg","147842","µV","25.906","°C","1013.000","hPa","40.0","pmil","0","55.500","deg","20.000","°C","100.000","%a.s.","22.080","deg","20.000","°C","976.000","hPa","0.861","-0.02617","0.00035","0","0","13.56","Humid","69.95","1","60.00","284422.65","SABD0001000008","AAV1.0.0.11","2.1.0.443","PSt7-10","171011-002","6/6/2018 8:55:32 AM","1443-01","0","no battery","V"
"07/10/2018","11:49:48","2","default","726512009","O2","0.222","min","223.951","μmol/L","Humid","19.703","deg","147838","µV","25.922","°C","1013.000","hPa","40.0","pmil","0","55.500","deg","20.000","°C","100.000","%a.s.","22.080","deg","20.000","°C","976.000","hPa","0.861","-0.02617","0.00035","0","0","13.56","Humid","69.95","1","60.00","284415.38","SABD0001000008","AAV1.0.0.11","2.1.0.443","PSt7-10","171011-002","6/6/2018 8:55:32 AM","1443-01","0","no battery","V"
"07/10/2018","11:49:49","2","default","726512009","O2","0.239","min","223.933","μmol/L","Humid","19.703","deg","147841","µV","25.925","°C","1013.000","hPa","40.0","pmil","0","55.500","deg","20.000","°C","100.000","%a.s.","22.080","deg","20.000","°C","976.000","hPa","0.861","-0.02617","0.00035","0","0","13.56","Humid","69.95","1","60.00","284421.73","SABD0001000008","AAV1.0.0.11","2.1.0.443","PSt7-10","171011-002","6/6/2018 8:55:32 AM","1443-01","0","no battery","V"
"07/10/2018","11:49:50","2","default","726512009","O2","0.255","min","223.971","μmol/L","Humid","19.702","deg","147828","µV","25.922","°C","1013.000","hPa","40.0","pmil","0","55.500","deg","20.000","°C","100.000","%a.s.","22.080","deg","20.000","°C","976.000","hPa","0.861","-0.02617","0.00035","0","0","13.56","Humid","69.95","1","60.00","284426.05","SABD0001000008","AAV1.0.0.11","2.1.0.443","PSt7-10","171011-002","6/6/2018 8:55:32 AM","1443-01","0","no battery","V"
"07/10/2018","11:49:51","2","default","726512009","O2","0.272","min","224.032","μmol/L","Humid","19.703","deg","147825","µV","25.910","°C","1013.000","hPa","40.0","pmil","0","55.500","deg","20.000","°C","100.000","%a.s.","22.080","deg","20.000","°C","976.000","hPa","0.861","-0.02617","0.00035","0","0","13.56","Humid","69.95","1","60.00","284424.77","SABD0001000008","AAV1.0.0.11","2.1.0.443","PSt7-10","171011-002","6/6/2018 8:55:32 AM","1443-01","0","no battery","V"
"07/10/2018","11:49:52","2","default","726512009","O2","0.289","min","224.068","μmol/L","Humid","19.700","deg","147810","µV","25.914","°C","1013.000","hPa","40.0","pmil","0","55.500","deg","20.000","°C","100.000","%a.s.","22.080","deg","20.000","°C","976.000","hPa","0.861","-0.02617","0.00035","0","0","13.56","Humid","69.95","1","60.00","284411.47","SABD0001000008","AAV1.0.0.11","2.1.0.443","PSt7-10","171011-002","6/6/2018 8:55:32 AM","1443-01","0","no battery","V"
"07/10/2018","11:49:53","2","default","726512009","O2","0.305","min","223.966","μmol/L","Humid","19.702","deg","147794","µV","25.923","°C","1013.000","hPa","40.0","pmil","0","55.500","deg","20.000","°C","100.000","%a.s.","22.080","deg","20.000","°C","976.000","hPa","0.861","-0.02617","0.00035","0","0","13.56","Humid","69.95","1","60.00","284412.23","SABD0001000008","AAV1.0.0.11","2.1.0.443","PSt7-10","171011-002","6/6/2018 8:55:32 AM","1443-01","0","no battery","V"
"07/10/2018","11:49:54","2","default","726512009","O2","0.322","min","224.008","μmol/L","Humid","19.701","deg","147802","µV","25.920","°C","1013.000","hPa","40.0","pmil","0","55.500","deg","20.000","°C","100.000","%a.s.","22.080","deg","20.000","°C","976.000","hPa","0.861","-0.02617","0.00035","0","0","13.56","Humid","69.95","1","60.00","284414.32","SABD0001000008","AAV1.0.0.11","2.1.0.443","PSt7-10","171011-002","6/6/2018 8:55:32 AM","1443-01","0","no battery","V"
"07/10/2018","11:49:55","2","default","726512009","O2","0.338","min","223.965","μmol/L","Humid","19.705","deg","147814","µV","25.914","°C","1013.000","hPa","40.0","pmil","0","55.500","deg","20.000","°C","100.000","%a.s.","22.080","deg","20.000","°C","976.000","hPa","0.861","-0.02617","0.00035","0","0","13.56","Humid","69.95","1","60.00","284416.30","SABD0001000008","AAV1.0.0.11","2.1.0.443","PSt7-10","171011-002","6/6/2018 8:55:32 AM","1443-01","0","no battery","V"
"07/10/2018","11:49:56","2","default","726512009","O2","0.355","min","223.933","μmol/L","Humid","19.702","deg","147815","µV","25.928","°C","1013.000","hPa","40.0","pmil","0","55.500","deg","20.000","°C","100.000","%a.s.","22.080","deg","20.000","°C","976.000","hPa","0.861","-0.02617","0.00035","0","0","13.56","Humid","69.95","1","60.00","284423.50","SABD0001000008","AAV1.0.0.11","2.1.0.443","PSt7-10","171011-002","6/6/2018 8:55:32 AM","1443-01","0","no battery","V"
"07/10/2018","11:49:57","2","default","726512009","O2","0.372","min","223.904","μmol/L","Humid","19.703","deg","147783","µV","25.929","°C","1013.000","hPa","40.0","pmil","0","55.500","deg","20.000","°C","100.000","%a.s.","22.080","deg","20.000","°C","976.000","hPa","0.861","-0.02617","0.00035","0","0","13.56","Humid","69.95","1","60.00","284399.68","SABD0001000008","AAV1.0.0.11","2.1.0.443","PSt7-10","171011-002","6/6/2018 8:55:32 AM","1443-01","0","no battery","V"
"07/10/2018","11:49:58","2","default","726512009","O2","0.389","min","223.852","μmol/L","Humid","19.706","deg","147783","µV","25.928","°C","1013.000","hPa","40.0","pmil","0","55.500","deg","20.000","°C","100.000","%a.s.","22.080","deg","20.000","°C","976.000","hPa","0.861","-0.02617","0.00035","0","0","13.56","Humid","69.95","1","60.00","284405.77","SABD0001000008","AAV1.0.0.11","2.1.0.443","PSt7-10","171011-002","6/6/2018 8:55:32 AM","1443-01","0","no battery","V"
"07/10/2018","11:49:59","2","default","726512009","O2","0.406","min","223.939","μmol/L","Humid","19.706","deg","147788","µV","25.915","°C","1013.000","hPa","40.0","pmil","0","55.500","deg","20.000","°C","100.000","%a.s.","22.080","deg","20.000","°C","976.000","hPa","0.861","-0.02617","0.00035","0","0","13.56","Humid","69.95","1","60.00","284403.60","SABD0001000008","AAV1.0.0.11","2.1.0.443","PSt7-10","171011-002","6/6/2018 8:55:32 AM","1443-01","0","no battery","V"
"07/10/2018","11:50:00","2","default","726512009","O2","0.422","min","224.013","μmol/L","Humid","19.704","deg","147788","µV","25.910","°C","1013.000","hPa","40.0","pmil","0","55.500","deg","20.000","°C","100.000","%a.s.","22.080","deg","20.000","°C","976.000","hPa","0.861","-0.02617","0.00035","0","0","13.56","Humid","69.95","1","60.00","284398.78","SABD0001000008","AAV1.0.0.11","2.1.0.443","PSt7-10","171011-002","6/6/2018 8:55:32 AM","1443-01","0","no battery","V"
"07/10/2018","11:50:01","2","default","726512009","O2","0.439","min","223.959","μmol/L","Humid","19.706","deg","147773","µV","25.912","°C","1013.000","hPa","40.0","pmil","0","55.500","deg","20.000","°C","100.000","%a.s.","22.080","deg","20.000","°C","976.000","hPa","0.861","-0.02617","0.00035","0","0","13.56","Humid","69.95","1","60.00","284411.61","SABD0001000008","AAV1.0.0.11","2.1.0.443","PSt7-10","171011-002","6/6/2018 8:55:32 AM","1443-01","0","no battery","V"
"07/10/2018","11:50:02","2","default","726512009","O2","0.456","min","223.940","μmol/L","Humid","19.707","deg","147806","µV","25.911","°C","1013.000","hPa","40.0","pmil","0","55.500","deg","20.000","°C","100.000","%a.s.","22.080","deg","20.000","°C","976.000","hPa","0.861","-0.02617","0.00035","0","0","13.56","Humid","69.95","1","60.00","284411.01","SABD0001000008","AAV1.0.0.11","2.1.0.443","PSt7-10","171011-002","6/6/2018 8:55:32 AM","1443-01","0","no battery","V"
"07/10/2018","11:50:03","2","default","726512009","O2","0.472","min","223.999","μmol/L","Humid","19.705","deg","147809","µV","25.909","°C","1013.000","hPa","40.0","pmil","0","55.500","deg","20.000","°C","100.000","%a.s.","22.080","deg","20.000","°C","976.000","hPa","0.861","-0.02617","0.00035","0","0","13.56","Humid","69.95","1","60.00","284395.54","SABD0001000008","AAV1.0.0.11","2.1.0.443","PSt7-10","171011-002","6/6/2018 8:55:32 AM","1443-01","0","no battery","V"
"07/10/2018","11:50:04","2","default","726512009","O2","0.489","min","224.023","μmol/L","Humid","19.707","deg","147791","µV","25.899","°C","1013.000","hPa","40.0","pmil","0","55.500","deg","20.000","°C","100.000","%a.s.","22.080","deg","20.000","°C","976.000","hPa","0.861","-0.02617","0.00035","0","0","13.56","Humid","69.95","1","60.00","284403.56","SABD0001000008","AAV1.0.0.11","2.1.0.443","PSt7-10","171011-002","6/6/2018 8:55:32 AM","1443-01","0","no battery","V"
"07/10/2018","11:50:05","2","default","726512009","O2","0.505","min","223.907","μmol/L","Humid","19.707","deg","147788","µV","25.916","°C","1013.000","hPa","40.0","pmil","0","55.500","deg","20.000","°C","100.000","%a.s.","22.080","deg","20.000","°C","976.000","hPa","0.861","-0.02617","0.00035","0","0","13.56","Humid","69.95","1","60.00","284403.60","SABD0001000008","AAV1.0.0.11","2.1.0.443","PSt7-10","171011-002","6/6/2018 8:55:32 AM","1443-01","0","no battery","V"
"07/10/2018","11:50:06","2","default","726512009","O2","0.522","min","223.880","μmol/L","Humid","19.707","deg","147833","µV","25.921","°C","1013.000","hPa","40.0","pmil","0","55.500","deg","20.000","°C","100.000","%a.s.","22.080","deg","20.000","°C","976.000","hPa","0.861","-0.02617","0.00035","0","0","13.56","Humid","69.95","1","60.00","284397.99","SABD0001000008","AAV1.0.0.11","2.1.0.443","PSt7-10","171011-002","6/6/2018 8:55:32 AM","1443-01","0","no battery","V"
"07/10/2018","11:50:07","2","default","726512009","O2","0.538","min","223.806","μmol/L","Humid","19.707","deg","147770","µV","25.932","°C","1013.000","hPa","40.0","pmil","0","55.500","deg","20.000","°C","100.000","%a.s.","22.080","deg","20.000","°C","976.000","hPa","0.861","-0.02617","0.00035","0","0","13.56","Humid","69.95","1","60.00","284395.11","SABD0001000008","AAV1.0.0.11","2.1.0.443","PSt7-10","171011-002","6/6/2018 8:55:32 AM","1443-01","0","no battery","V"
"07/10/2018","11:50:08","2","default","726512009","O2","0.555","min","223.878","μmol/L","Humid","19.708","deg","147805","µV","25.918","°C","1013.000","hPa","40.0","pmil","0","55.500","deg","20.000","°C","100.000","%a.s.","22.080","deg","20.000","°C","976.000","hPa","0.861","-0.02617","0.00035","0","0","13.56","Humid","69.95","1","60.00","284400.33","SABD0001000008","AAV1.0.0.11","2.1.0.443","PSt7-10","171011-002","6/6/2018 8:55:32 AM","1443-01","0","no battery","V"
"07/10/2018","11:50:09","2","default","726512009","O2","0.572","min","223.895","μmol/L","Humid","19.707","deg","147758","µV","25.918","°C","1013.000","hPa","40.0","pmil","0","55.500","deg","20.000","°C","100.000","%a.s.","22.080","deg","20.000","°C","976.000","hPa","0.861","-0.02617","0.00035","0","0","13.56","Humid","69.95","1","60.00","284386.42","SABD0001000008","AAV1.0.0.11","2.1.0.443","PSt7-10","171011-002","6/6/2018 8:55:32 AM","1443-01","0","no battery","V"
"07/10/2018","11:50:10","2","default","726512009","O2","0.588","min","223.853","μmol/L","Humid","19.710","deg","147763","µV","25.915","°C","1013.000","hPa","40.0","pmil","0","55.500","deg","20.000","°C","100.000","%a.s.","22.080","deg","20.000","°C","976.000","hPa","0.861","-0.02617","0.00035","0","0","13.56","Humid","69.95","1","60.00","284400.44","SABD0001000008","AAV1.0.0.11","2.1.0.443","PSt7-10","171011-002","6/6/2018 8:55:32 AM","1443-01","0","no battery","V"
"07/10/2018","11:50:11","2","default","726512009","O2","0.606","min","223.803","μmol/L","Humid","19.709","deg","147794","µV","25.926","°C","1013.000","hPa","40.0","pmil","0","55.500","deg","20.000","°C","100.000","%a.s.","22.080","deg","20.000","°C","976.000","hPa","0.861","-0.02617","0.00035","0","0","13.56","Humid","69.95","1","60.00","284401.24","SABD0001000008","AAV1.0.0.11","2.1.0.443","PSt7-10","171011-002","6/6/2018 8:55:32 AM","1443-01","0","no battery","V"
"07/10/2018","11:50:12","2","default","726512009","O2","0.622","min","223.809","μmol/L","Humid","19.710","deg","147753","µV","25.922","°C","1013.000","hPa","40.0","pmil","0","55.500","deg","20.000","°C","100.000","%a.s.","22.080","deg","20.000","°C","976.000","hPa","0.861","-0.02617","0.00035","0","0","13.56","Humid","69.95","1","60.00","284379.26","SABD0001000008","AAV1.0.0.11","2.1.0.443","PSt7-10","171011-002","6/6/2018 8:55:32 AM","1443-01","0","no battery","V"
"07/10/2018","11:50:13","2","default","726512009","O2","0.639","min","223.866","μmol/L","Humid","19.709","deg","147801","µV","25.916","°C","1013.000","hPa","40.0","pmil","0","55.500","deg","20.000","°C","100.000","%a.s.","22.080","deg","20.000","°C","976.000","hPa","0.861","-0.02617","0.00035","0","0","13.56","Humid","69.95","1","60.00","284387.94","SABD0001000008","AAV1.0.0.11","2.1.0.443","PSt7-10","171011-002","6/6/2018 8:55:32 AM","1443-01","0","no battery","V"
"07/10/2018","11:50:14","2","default","726512009","O2","0.655","min","223.733","μmol/L","Humid","19.714","deg","147797","µV","25.921","°C","1013.000","hPa","40.0","pmil","0","55.500","deg","20.000","°C","100.000","%a.s.","22.080","deg","20.000","°C","976.000","hPa","0.861","-0.02617","0.00035","0","0","13.56","Humid","69.95","1","60.00","284389.41","SABD0001000008","AAV1.0.0.11","2.1.0.443","PSt7-10","171011-002","6/6/2018 8:55:32 AM","1443-01","0","no battery","V"
"07/10/2018","11:50:15","2","default","726512009","O2","0.672","min","223.918","μmol/L","Humid","19.711","deg","147796","µV","25.902","°C","1013.000","hPa","40.0","pmil","0","55.500","deg","20.000","°C","100.000","%a.s.","22.080","deg","20.000","°C","976.000","hPa","0.861","-0.02617","0.00035","0","0","13.56","Humid","69.95","1","60.00","284393.96","SABD0001000008","AAV1.0.0.11","2.1.0.443","PSt7-10","171011-002","6/6/2018 8:55:32 AM","1443-01","0","no battery","V"
"07/10/2018","11:50:16","2","default","726512009","O2","0.689","min","223.789","μmol/L","Humid","19.710","deg","147805","µV","25.925","°C","1013.000","hPa","40.0","pmil","0","55.500","deg","20.000","°C","100.000","%a.s.","22.080","deg","20.000","°C","976.000","hPa","0.861","-0.02617","0.00035","0","0","13.56","Humid","69.95","1","60.00","284380.33","SABD0001000008","AAV1.0.0.11","2.1.0.443","PSt7-10","171011-002","6/6/2018 8:55:32 AM","1443-01","0","no battery","V"
"07/10/2018","11:50:17","2","default","726512009","O2","0.706","min","223.642","μmol/L","Humid","19.716","deg","147785","µV","25.929","°C","1013.000","hPa","40.0","pmil","0","55.500","deg","20.000","°C","100.000","%a.s.","22.080","deg","20.000","°C","976.000","hPa","0.861","-0.02617","0.00035","0","0","13.56","Humid","69.95","1","60.00","284380.47","SABD0001000008","AAV1.0.0.11","2.1.0.443","PSt7-10","171011-002","6/6/2018 8:55:32 AM","1443-01","0","no battery","V"
"07/10/2018","11:50:18","2","default","726512009","O2","0.722","min","223.670","μmol/L","Humid","19.716","deg","147789","µV","25.924","°C","1013.000","hPa","40.0","pmil","0","55.500","deg","20.000","°C","100.000","%a.s.","22.080","deg","20.000","°C","976.000","hPa","0.861","-0.02617","0.00035","0","0","13.56","Humid","69.95","1","60.00","284388.57","SABD0001000008","AAV1.0.0.11","2.1.0.443","PSt7-10","171011-002","6/6/2018 8:55:32 AM","1443-01","0","no battery","V"
"07/10/2018","11:50:19","2","default","726512009","O2","0.739","min","223.752","μmol/L","Humid","19.716","deg","147818","µV","25.912","°C","1013.000","hPa","40.0","pmil","0","55.500","deg","20.000","°C","100.000","%a.s.","22.080","deg","20.000","°C","976.000","hPa","0.861","-0.02617","0.00035","0","0","13.56","Humid","69.95","1","60.00","284389.65","SABD0001000008","AAV1.0.0.11","2.1.0.443","PSt7-10","171011-002","6/6/2018 8:55:32 AM","1443-01","0","no battery","V"
"07/10/2018","11:50:20","2","default","726512009","O2","0.755","min","223.735","μmol/L","Humid","19.716","deg","147784","µV","25.914","°C","1013.000","hPa","40.0","pmil","0","55.500","deg","20.000","°C","100.000","%a.s.","22.080","deg","20.000","°C","976.000","hPa","0.861","-0.02617","0.00035","0","0","13.56","Humid","69.95","1","60.00","284393.47","SABD0001000008","AAV1.0.0.11","2.1.0.443","PSt7-10","171011-002","6/6/2018 8:55:32 AM","1443-01","0","no battery","V"
"07/10/2018","11:50:21","2","default","726512009","O2","0.773","min","223.670","μmol/L","Humid","19.719","deg","147791","µV","25.915","°C","1013.000","hPa","40.0","pmil","0","55.500","deg","20.000","°C","100.000","%a.s.","22.080","deg","20.000","°C","976.000","hPa","0.861","-0.02617","0.00035","0","0","13.56","Humid","69.95","1","60.00","284378.06","SABD0001000008","AAV1.0.0.11","2.1.0.443","PSt7-10","171011-002","6/6/2018 8:55:32 AM","1443-01","0","no battery","V"
"07/10/2018","11:50:22","2","default","726512009","O2","0.789","min","223.635","μmol/L","Humid","19.719","deg","147811","µV","25.920","°C","1013.000","hPa","40.0","pmil","0","55.500","deg","20.000","°C","100.000","%a.s.","22.080","deg","20.000","°C","976.000","hPa","0.861","-0.02617","0.00035","0","0","13.56","Humid","69.95","1","60.00","284366.97","SABD0001000008","AAV1.0.0.11","2.1.0.443","PSt7-10","171011-002","6/6/2018 8:55:32 AM","1443-01","0","no battery","V"
"07/10/2018","11:50:23","2","default","726512009","O2","0.805","min","223.685","μmol/L","Humid","19.717","deg","147807","µV","25.919","°C","1013.000","hPa","40.0","pmil","0","55.500","deg","20.000","°C","100.000","%a.s.","22.080","deg","20.000","°C","976.000","hPa","0.861","-0.02617","0.00035","0","0","13.56","Humid","69.95","1","60.00","284371.21","SABD0001000008","AAV1.0.0.11","2.1.0.443","PSt7-10","171011-002","6/6/2018 8:55:32 AM","1443-01","0","no battery","V"
"07/10/2018","11:50:24","2","default","726512009","O2","0.822","min","223.693","μmol/L","Humid","19.722","deg","147835","µV","25.902","°C","1013.000","hPa","40.0","pmil","0","55.500","deg","20.000","°C","100.000","%a.s.","22.080","deg","20.000","°C","976.000","hPa","0.861","-0.02617","0.00035","0","0","13.56","Humid","69.95","1","60.00","284379.55","SABD0001000008","AAV1.0.0.11","2.1.0.443","PSt7-10","171011-002","6/6/2018 8:55:32 AM","1443-01","0","no battery","V"
"07/10/2018","11:50:25","2","default","726512009","O2","0.839","min","223.743","μmol/L","Humid","19.718","deg","147800","µV","25.907","°C","1013.000","hPa","40.0","pmil","0","55.500","deg","20.000","°C","100.000","%a.s.","22.080","deg","20.000","°C","976.000","hPa","0.861","-0.02617","0.00035","0","0","13.56","Humid","69.95","1","60.00","284361.80","SABD0001000008","AAV1.0.0.11","2.1.0.443","PSt7-10","171011-002","6/6/2018 8:55:32 AM","1443-01","0","no battery","V"
"07/10/2018","11:50:26","2","default","726512009","O2","0.856","min","223.690","μmol/L","Humid","19.717","deg","147831","µV","25.918","°C","1013.000","hPa","40.0","pmil","0","55.500","deg","20.000","°C","100.000","%a.s.","22.080","deg","20.000","°C","976.000","hPa","0.861","-0.02617","0.00035","0","0","13.56","Humid","69.95","1","60.00","284364.88","SABD0001000008","AAV1.0.0.11","2.1.0.443","PSt7-10","171011-002","6/6/2018 8:55:32 AM","1443-01","0","no battery","V"
"07/10/2018","11:50:27","2","default","726512009","O2","0.872","min","223.486","μmol/L","Humid","19.722","deg","147828","µV","25.934","°C","1013.000","hPa","40.0","pmil","0","55.500","deg","20.000","°C","100.000","%a.s.","22.080","deg","20.000","°C","976.000","hPa","0.861","-0.02617","0.00035","0","0","13.56","Humid","69.95","1","60.00","284362.39","SABD0001000008","AAV1.0.0.11","2.1.0.443","PSt7-10","171011-002","6/6/2018 8:55:32 AM","1443-01","0","no battery","V"
"07/10/2018","11:50:28","2","default","726512009","O2","0.888","min","223.584","μmol/L","Humid","19.720","deg","147818","µV","25.925","°C","1013.000","hPa","40.0","pmil","0","55.500","deg","20.000","°C","100.000","%a.s.","22.080","deg","20.000","°C","976.000","hPa","0.861","-0.02617","0.00035","0","0","13.56","Humid","69.95","1","60.00","284362.71","SABD0001000008","AAV1.0.0.11","2.1.0.443","PSt7-10","171011-002","6/6/2018 8:55:32 AM","1443-01","0","no battery","V"
"07/10/2018","11:50:29","2","default","726512009","O2","0.905","min","223.567","μmol/L","Humid","19.722","deg","147855","µV","25.921","°C","1013.000","hPa","40.0","pmil","0","55.500","deg","20.000","°C","100.000","%a.s.","22.080","deg","20.000","°C","976.000","hPa","0.861","-0.02617","0.00035","0","0","13.56","Humid","69.95","1","60.00","284357.52","SABD0001000008","AAV1.0.0.11","2.1.0.443","PSt7-10","171011-002","6/6/2018 8:55:32 AM","1443-01","0","no battery","V"
"07/10/2018","11:50:30","2","default","726512009","O2","0.922","min","223.479","μmol/L","Humid","19.723","deg","147871","µV","25.931","°C","1013.000","hPa","40.0","pmil","0","55.500","deg","20.000","°C","100.000","%a.s.","22.080","deg","20.000","°C","976.000","hPa","0.861","-0.02617","0.00035","0","0","13.56","Humid","69.95","1","60.00","284353.38","SABD0001000008","AAV1.0.0.11","2.1.0.443","PSt7-10","171011-002","6/6/2018 8:55:32 AM","1443-01","0","no battery","V"
"07/10/2018","11:50:31","2","default","726512009","O2","0.938","min","223.475","μmol/L","Humid","19.723","deg","147837","µV","25.932","°C","1013.000","hPa","40.0","pmil","0","55.500","deg","20.000","°C","100.000","%a.s.","22.080","deg","20.000","°C","976.000","hPa","0.861","-0.02617","0.00035","0","0","13.56","Humid","69.95","1","60.00","284348.92","SABD0001000008","AAV1.0.0.11","2.1.0.443","PSt7-10","171011-002","6/6/2018 8:55:32 AM","1443-01","0","no battery","V"
"07/10/2018","11:50:32","2","default","726512009","O2","0.955","min","223.519","μmol/L","Humid","19.724","deg","147886","µV","25.922","°C","1013.000","hPa","40.0","pmil","0","55.500","deg","20.000","°C","100.000","%a.s.","22.080","deg","20.000","°C","976.000","hPa","0.861","-0.02617","0.00035","0","0","13.56","Humid","69.95","1","60.00","284359.91","SABD0001000008","AAV1.0.0.11","2.1.0.443","PSt7-10","171011-002","6/6/2018 8:55:32 AM","1443-01","0","no battery","V"
"07/10/2018","11:50:33","2","default","726512009","O2","0.972","min","223.498","μmol/L","Humid","19.726","deg","147864","µV","25.919","°C","1013.000","hPa","40.0","pmil","0","55.500","deg","20.000","°C","100.000","%a.s.","22.080","deg","20.000","°C","976.000","hPa","0.861","-0.02617","0.00035","0","0","13.56","Humid","69.95","1","60.00","284362.54","SABD0001000008","AAV1.0.0.11","2.1.0.443","PSt7-10","171011-002","6/6/2018 8:55:32 AM","1443-01","0","no battery","V"
"07/10/2018","11:50:34","2","default","726512009","O2","0.989","min","223.521","μmol/L","Humid","19.725","deg","147884","µV","25.919","°C","1013.000","hPa","40.0","pmil","0","55.500","deg","20.000","°C","100.000","%a.s.","22.080","deg","20.000","°C","976.000","hPa","0.861","-0.02617","0.00035","0","0","13.56","Humid","69.95","1","60.00","284345.71","SABD0001000008","AAV1.0.0.11","2.1.0.443","PSt7-10","171011-002","6/6/2018 8:55:32 AM","1443-01","0","no battery","V"
"07/10/2018","11:50:35","2","default","726512009","O2","1.005","min","223.402","μmol/L","Humid","19.730","deg","147871","µV","25.921","°C","1013.000","hPa","40.0","pmil","0","55.500","deg","20.000","°C","100.000","%a.s.","22.080","deg","20.000","°C","976.000","hPa","0.861","-0.02617","0.00035","0","0","13.56","Humid","69.95","1","60.00","284342.64","SABD0001000008","AAV1.0.0.11","2.1.0.443","PSt7-10","171011-002","6/6/2018 8:55:32 AM","1443-01","0","no battery","V"
"07/10/2018","11:50:36","2","default","726512009","O2","1.022","min","223.477","μmol/L","Humid","19.725","deg","147866","µV","25.926","°C","1013.000","hPa","40.0","pmil","0","55.500","deg","20.000","°C","100.000","%a.s.","22.080","deg","20.000","°C","976.000","hPa","0.861","-0.02617","0.00035","0","0","13.56","Humid","69.95","1","60.00","284355.51","SABD0001000008","AAV1.0.0.11","2.1.0.443","PSt7-10","171011-002","6/6/2018 8:55:32 AM","1443-01","0","no battery","V"
"07/10/2018","11:50:37","2","default","726512009","O2","1.038","min","223.429","μmol/L","Humid","19.728","deg","147900","µV","25.923","°C","1013.000","hPa","40.0","pmil","0","55.500","deg","20.000","°C","100.000","%a.s.","22.080","deg","20.000","°C","976.000","hPa","0.861","-0.02617","0.00035","0","0","13.56","Humid","69.95","1","60.00","284351.25","SABD0001000008","AAV1.0.0.11","2.1.0.443","PSt7-10","171011-002","6/6/2018 8:55:32 AM","1443-01","0","no battery","V"
"07/10/2018","11:50:38","2","default","726512009","O2","1.056","min","223.414","μmol/L","Humid","19.730","deg","147888","µV","25.920","°C","1013.000","hPa","40.0","pmil","0","55.500","deg","20.000","°C","100.000","%a.s.","22.080","deg","20.000","°C","976.000","hPa","0.861","-0.02617","0.00035","0","0","13.56","Humid","69.95","1","60.00","284349.81","SABD0001000008","AAV1.0.0.11","2.1.0.443","PSt7-10","171011-002","6/6/2018 8:55:32 AM","1443-01","0","no battery","V"
"07/10/2018","11:50:39","2","default","726512009","O2","1.072","min","223.400","μmol/L","Humid","19.727","deg","147889","µV","25.931","°C","1013.000","hPa","40.0","pmil","0","55.500","deg","20.000","°C","100.000","%a.s.","22.080","deg","20.000","°C","976.000","hPa","0.861","-0.02617","0.00035","0","0","13.56","Humid","69.95","1","60.00","284343.86","SABD0001000008","AAV1.0.0.11","2.1.0.443","PSt7-10","171011-002","6/6/2018 8:55:32 AM","1443-01","0","no battery","V"
"07/10/2018","11:50:40","2","default","726512009","O2","1.088","min","223.439","μmol/L","Humid","19.731","deg","147870","µV","25.913","°C","1013.000","hPa","40.0","pmil","0","55.500","deg","20.000","°C","100.000","%a.s.","22.080","deg","20.000","°C","976.000","hPa","0.861","-0.02617","0.00035","0","0","13.56","Humid","69.95","1","60.00","284341.73","SABD0001000008","AAV1.0.0.11","2.1.0.443","PSt7-10","171011-002","6/6/2018 8:55:32 AM","1443-01","0","no battery","V"
"07/10/2018","11:50:41","2","default","726512009","O2","1.106","min","223.469","μmol/L","Humid","19.728","deg","147880","µV","25.917","°C","1013.000","hPa","40.0","pmil","0","55.500","deg","20.000","°C","100.000","%a.s.","22.080","deg","20.000","°C","976.000","hPa","0.861","-0.02617","0.00035","0","0","13.56","Humid","69.95","1","60.00","284357.01","SABD0001000008","AAV1.0.0.11","2.1.0.443","PSt7-10","171011-002","6/6/2018 8:55:32 AM","1443-01","0","no battery","V"
"07/10/2018","11:50:42","2","default","726512009","O2","1.122","min","223.449","μmol/L","Humid","19.728","deg","147903","µV","25.920","°C","1013.000","hPa","40.0","pmil","0","55.500","deg","20.000","°C","100.000","%a.s.","22.080","deg","20.000","°C","976.000","hPa","0.861","-0.02617","0.00035","0","0","13.56","Humid","69.95","1","60.00","284349.04","SABD0001000008","AAV1.0.0.11","2.1.0.443","PSt7-10","171011-002","6/6/2018 8:55:32 AM","1443-01","0","no battery","V"
"07/10/2018","11:50:43","2","default","726512009","O2","1.139","min","223.425","μmol/L","Humid","19.731","deg","147910","µV","25.915","°C","1013.000","hPa","40.0","pmil","0","55.500","deg","20.000","°C","100.000","%a.s.","22.080","deg","20.000","°C","976.000","hPa","0.861","-0.02617","0.00035","0","0","13.56","Humid","69.95","1","60.00","284342.01","SABD0001000008","AAV1.0.0.11","2.1.0.443","PSt7-10","171011-002","6/6/2018 8:55:32 AM","1443-01","0","no battery","V"
"07/10/2018","11:50:44","2","default","726512009","O2","1.156","min","223.377","μmol/L","Humid","19.731","deg","147910","µV","25.922","°C","1013.000","hPa","40.0","pmil","0","55.500","deg","20.000","°C","100.000","%a.s.","22.080","deg","20.000","°C","976.000","hPa","0.861","-0.02617","0.00035","0","0","13.56","Humid","69.95","1","60.00","284350.07","SABD0001000008","AAV1.0.0.11","2.1.0.443","PSt7-10","171011-002","6/6/2018 8:55:32 AM","1443-01","0","no battery","V"
"07/10/2018","11:50:45","2","default","726512009","O2","1.172","min","223.298","μmol/L","Humid","19.732","deg","147909","µV","25.931","°C","1013.000","hPa","40.0","pmil","0","55.500","deg","20.000","°C","100.000","%a.s.","22.080","deg","20.000","°C","976.000","hPa","0.861","-0.02617","0.00035","0","0","13.56","Humid","69.95","1","60.00","284341.32","SABD0001000008","AAV1.0.0.11","2.1.0.443","PSt7-10","171011-002","6/6/2018 8:55:32 AM","1443-01","0","no battery","V"
"07/10/2018","11:50:46","2","default","726512009","O2","1.189","min","223.360","μmol/L","Humid","19.730","deg","147915","µV","25.928","°C","1013.000","hPa","40.0","pmil","0","55.500","deg","20.000","°C","100.000","%a.s.","22.080","deg","20.000","°C","976.000","hPa","0.861","-0.02617","0.00035","0","0","13.56","Humid","69.95","1","60.00","284331.91","SABD0001000008","AAV1.0.0.11","2.1.0.443","PSt7-10","171011-002","6/6/2018 8:55:32 AM","1443-01","0","no battery","V"
"07/10/2018","11:50:47","2","default","726512009","O2","1.205","min","223.258","μmol/L","Humid","19.733","deg","147917","µV","25.934","°C","1013.000","hPa","40.0","pmil","0","55.500","deg","20.000","°C","100.000","%a.s.","22.080","deg","20.000","°C","976.000","hPa","0.861","-0.02617","0.00035","0","0","13.56","Humid","69.95","1","60.00","284335.97","SABD0001000008","AAV1.0.0.11","2.1.0.443","PSt7-10","171011-002","6/6/2018 8:55:32 AM","1443-01","0","no battery","V"
"07/10/2018","11:50:48","2","default","726512009","O2","1.222","min","223.311","μmol/L","Humid","19.734","deg","147940","µV","25.923","°C","1013.000","hPa","40.0","pmil","0","55.500","deg","20.000","°C","100.000","%a.s.","22.080","deg","20.000","°C","976.000","hPa","0.861","-0.02617","0.00035","0","0","13.56","Humid","69.95","1","60.00","284345.19","SABD0001000008","AAV1.0.0.11","2.1.0.443","PSt7-10","171011-002","6/6/2018 8:55:32 AM","1443-01","0","no battery","V"
"07/10/2018","11:50:49","2","default","726512009","O2","1.239","min","223.284","μmol/L","Humid","19.734","deg","147937","µV","25.927","°C","1013.000","hPa","40.0","pmil","0","55.500","deg","20.000","°C","100.000","%a.s.","22.080","deg","20.000","°C","976.000","hPa","0.861","-0.02617","0.00035","0","0","13.56","Humid","69.95","1","60.00","284338.47","SABD0001000008","AAV1.0.0.11","2.1.0.443","PSt7-10","171011-002","6/6/2018 8:55:32 AM","1443-01","0","no battery","V"
"07/10/2018","11:50:50","2","default","726512009","O2","1.255","min","223.395","μmol/L","Humid","19.732","deg","147930","µV","25.916","°C","1013.000","hPa","40.0","pmil","0","55.500","deg","20.000","°C","100.000","%a.s.","22.080","deg","20.000","°C","976.000","hPa","0.861","-0.02617","0.00035","0","0","13.56","Humid","69.95","1","60.00","284344.70","SABD0001000008","AAV1.0.0.11","2.1.0.443","PSt7-10","171011-002","6/6/2018 8:55:32 AM","1443-01","0","no battery","V"
"07/10/2018","11:50:51","2","default","726512009","O2","1.272","min","223.268","μmol/L","Humid","19.736","deg","147945","µV","25.923","°C","1013.000","hPa","40.0","pmil","0","55.500","deg","20.000","°C","100.000","%a.s.","22.080","deg","20.000","°C","976.000","hPa","0.861","-0.02617","0.00035","0","0","13.56","Humid","69.95","1","60.00","284329.65","SABD0001000008","AAV1.0.0.11","2.1.0.443","PSt7-10","171011-002","6/6/2018 8:55:32 AM","1443-01","0","no battery","V"
"07/10/2018","11:50:52","2","default","726512009","O2","1.289","min","223.270","μmol/L","Humid","19.736","deg","147945","µV","25.923","°C","1013.000","hPa","40.0","pmil","0","55.500","deg","20.000","°C","100.000","%a.s.","22.080","deg","20.000","°C","976.000","hPa","0.861","-0.02617","0.00035","0","0","13.56","Humid","69.95","1","60.00","284337.96","SABD0001000008","AAV1.0.0.11","2.1.0.443","PSt7-10","171011-002","6/6/2018 8:55:32 AM","1443-01","0","no battery","V"
"07/10/2018","11:50:53","2","default","726512009","O2","1.305","min","223.244","μmol/L","Humid","19.736","deg","147955","µV","25.927","°C","1013.000","hPa","40.0","pmil","0","55.500","deg","20.000","°C","100.000","%a.s.","22.080","deg","20.000","°C","976.000","hPa","0.861","-0.02617","0.00035","0","0","13.56","Humid","69.95","1","60.00","284324.07","SABD0001000008","AAV1.0.0.11","2.1.0.443","PSt7-10","171011-002","6/6/2018 8:55:32 AM","1443-01","0","no battery","V"
"07/10/2018","11:50:54","2","default","726512009","O2","1.322","min","223.136","μmol/L","Humid","19.741","deg","147967","µV","25.928","°C","1013.000","hPa","40.0","pmil","0","55.500","deg","20.000","°C","100.000","%a.s.","22.080","deg","20.000","°C","976.000","hPa","0.861","-0.02617","0.00035","0","0","13.56","Humid","69.95","1","60.00","284335.35","SABD0001000008","AAV1.0.0.11","2.1.0.443","PSt7-10","171011-002","6/6/2018 8:55:32 AM","1443-01","0","no battery","V"
"07/10/2018","11:50:55","2","default","726512009","O2","1.339","min","223.311","μmol/L","Humid","19.735","deg","147960","µV","25.920","°C","1013.000","hPa","40.0","pmil","0","55.500","deg","20.000","°C","100.000","%a.s.","22.080","deg","20.000","°C","976.000","hPa","0.861","-0.02617","0.00035","0","0","13.56","Humid","69.95","1","60.00","284336.39","SABD0001000008","AAV1.0.0.11","2.1.0.443","PSt7-10","171011-002","6/6/2018 8:55:32 AM","1443-01","0","no battery","V"
"07/10/2018","11:50:56","2","default","726512009","O2","1.355","min","223.139","μmol/L","Humid","19.741","deg","147978","µV","25.927","°C","1013.000","hPa","40.0","pmil","0","55.500","deg","20.000","°C","100.000","%a.s.","22.080","deg","20.000","°C","976.000","hPa","0.861","-0.02617","0.00035","0","0","13.56","Humid","69.95","1","60.00","284340.30","SABD0001000008","AAV1.0.0.11","2.1.0.443","PSt7-10","171011-002","6/6/2018 8:55:32 AM","1443-01","0","no battery","V"
"07/10/2018","11:50:57","2","default","726512009","O2","1.372","min","223.158","μmol/L","Humid","19.743","deg","147970","µV","25.918","°C","1013.000","hPa","40.0","pmil","0","55.500","deg","20.000","°C","100.000","%a.s.","22.080","deg","20.000","°C","976.000","hPa","0.861","-0.02617","0.00035","0","0","13.56","Humid","69.95","1","60.00","284333.00","SABD0001000008","AAV1.0.0.11","2.1.0.443","PSt7-10","171011-002","6/6/2018 8:55:32 AM","1443-01","0","no battery","V"
"07/10/2018","11:50:58","2","default","726512009","O2","1.389","min","223.252","μmol/L","Humid","19.740","deg","147993","µV","25.913","°C","1013.000","hPa","40.0","pmil","0","55.500","deg","20.000","°C","100.000","%a.s.","22.080","deg","20.000","°C","976.000","hPa","0.861","-0.02617","0.00035","0","0","13.56","Humid","69.95","1","60.00","284340.68","SABD0001000008","AAV1.0.0.11","2.1.0.443","PSt7-10","171011-002","6/6/2018 8:55:32 AM","1443-01","0","no battery","V"
"07/10/2018","11:50:59","2","default","726512009","O2","1.405","min","223.233","μmol/L","Humid","19.740","deg","148004","µV","25.916","°C","1013.000","hPa","40.0","pmil","0","55.500","deg","20.000","°C","100.000","%a.s.","22.080","deg","20.000","°C","976.000","hPa","0.861","-0.02617","0.00035","0","0","13.56","Humid","69.95","1","60.00","284327.60","SABD0001000008","AAV1.0.0.11","2.1.0.443","PSt7-10","171011-002","6/6/2018 8:55:32 AM","1443-01","0","no battery","V"
"07/10/2018","11:51:00","2","default","726512009","O2","1.422","min","223.225","μmol/L","Humid","19.742","deg","147993","µV","25.911","°C","1013.000","hPa","40.0","pmil","0","55.500","deg","20.000","°C","100.000","%a.s.","22.080","deg","20.000","°C","976.000","hPa","0.861","-0.02617","0.00035","0","0","13.56","Humid","69.95","1","60.00","284329.50","SABD0001000008","AAV1.0.0.11","2.1.0.443","PSt7-10","171011-002","6/6/2018 8:55:32 AM","1443-01","0","no battery","V"
"07/10/2018","11:51:01","2","default","726512009","O2","1.438","min","223.198","μmol/L","Humid","19.743","deg","147998","µV","25.912","°C","1013.000","hPa","40.0","pmil","0","55.500","deg","20.000","°C","100.000","%a.s.","22.080","deg","20.000","°C","976.000","hPa","0.861","-0.02617","0.00035","0","0","13.56","Humid","69.95","1","60.00","284312.57","SABD0001000008","AAV1.0.0.11","2.1.0.443","PSt7-10","171011-002","6/6/2018 8:55:32 AM","1443-01","0","no battery","V"
"07/10/2018","11:51:02","2","default","726512009","O2","1.455","min","223.186","μmol/L","Humid","19.746","deg","148008","µV","25.904","°C","1013.000","hPa","40.0","pmil","0","55.500","deg","20.000","°C","100.000","%a.s.","22.080","deg","20.000","°C","976.000","hPa","0.861","-0.02617","0.00035","0","0","13.56","Humid","69.95","1","60.00","284333.18","SABD0001000008","AAV1.0.0.11","2.1.0.443","PSt7-10","171011-002","6/6/2018 8:55:32 AM","1443-01","0","no battery","V"
"07/10/2018","11:51:03","2","default","726512009","O2","1.472","min","222.920","μmol/L","Humid","19.748","deg","148006","µV","25.939","°C","1013.000","hPa","40.0","pmil","0","55.500","deg","20.000","°C","100.000","%a.s.","22.080","deg","20.000","°C","976.000","hPa","0.861","-0.02617","0.00035","0","0","13.56","Humid","69.95","1","60.00","284323.88","SABD0001000008","AAV1.0.0.11","2.1.0.443","PSt7-10","171011-002","6/6/2018 8:55:32 AM","1443-01","0","no battery","V"
"07/10/2018","11:51:04","2","default","726512009","O2","1.489","min","223.031","μmol/L","Humid","19.745","deg","148011","µV","25.931","°C","1013.000","hPa","40.0","pmil","0","55.500","deg","20.000","°C","100.000","%a.s.","22.080","deg","20.000","°C","976.000","hPa","0.861","-0.02617","0.00035","0","0","13.56","Humid","69.95","1","60.00","284321.38","SABD0001000008","AAV1.0.0.11","2.1.0.443","PSt7-10","171011-002","6/6/2018 8:55:32 AM","1443-01","0","no battery","V"
"07/10/2018","11:51:05","2","default","726512009","O2","1.506","min","222.933","μmol/L","Humid","19.747","deg","148020","µV","25.940","°C","1013.000","hPa","40.0","pmil","0","55.500","deg","20.000","°C","100.000","%a.s.","22.080","deg","20.000","°C","976.000","hPa","0.861","-0.02617","0.00035","0","0","13.56","Humid","69.95","1","60.00","284335.04","SABD0001000008","AAV1.0.0.11","2.1.0.443","PSt7-10","171011-002","6/6/2018 8:55:32 AM","1443-01","0","no battery","V"
"07/10/2018","11:51:06","2","default","726512009","O2","1.522","min","222.987","μmol/L","Humid","19.748","deg","148038","µV","25.928","°C","1013.000","hPa","40.0","pmil","0","55.500","deg","20.000","°C","100.000","%a.s.","22.080","deg","20.000","°C","976.000","hPa","0.861","-0.02617","0.00035","0","0","13.56","Humid","69.95","1","60.00","284328.98","SABD0001000008","AAV1.0.0.11","2.1.0.443","PSt7-10","171011-002","6/6/2018 8:55:32 AM","1443-01","0","no battery","V"
"07/10/2018","11:51:07","2","default","726512009","O2","1.539","min","222.968","μmol/L","Humid","19.746","deg","148031","µV","25.938","°C","1013.000","hPa","40.0","pmil","0","55.500","deg","20.000","°C","100.000","%a.s.","22.080","deg","20.000","°C","976.000","hPa","0.861","-0.02617","0.00035","0","0","13.56","Humid","69.95","1","60.00","284320.11","SABD0001000008","AAV1.0.0.11","2.1.0.443","PSt7-10","171011-002","6/6/2018 8:55:32 AM","1443-01","0","no battery","V"
"07/10/2018","11:51:08","2","default","726512009","O2","1.556","min","222.893","μmol/L","Humid","19.750","deg","148038","µV","25.937","°C","1013.000","hPa","40.0","pmil","0","55.500","deg","20.000","°C","100.000","%a.s.","22.080","deg","20.000","°C","976.000","hPa","0.861","-0.02617","0.00035","0","0","13.56","Humid","69.95","1","60.00","284305.37","SABD0001000008","AAV1.0.0.11","2.1.0.443","PSt7-10","171011-002","6/6/2018 8:55:32 AM","1443-01","0","no battery","V"
"07/10/2018","11:51:09","2","default","726512009","O2","1.572","min","222.986","μmol/L","Humid","19.747","deg","148048","µV","25.932","°C","1013.000","hPa","40.0","pmil","0","55.500","deg","20.000","°C","100.000","%a.s.","22.080","deg","20.000","°C","976.000","hPa","0.861","-0.02617","0.00035","0","0","13.56","Humid","69.95","1","60.00","284308.99","SABD0001000008","AAV1.0.0.11","2.1.0.443","PSt7-10","171011-002","6/6/2018 8:55:32 AM","1443-01","0","no battery","V"
"07/10/2018","11:51:10","2","default","726512009","O2","1.589","min","222.989","μmol/L","Humid","19.748","deg","148049","µV","25.928","°C","1013.000","hPa","40.0","pmil","0","55.500","deg","20.000","°C","100.000","%a.s.","22.080","deg","20.000","°C","976.000","hPa","0.861","-0.02617","0.00035","0","0","13.56","Humid","69.95","1","60.00","284314.67","SABD0001000008","AAV1.0.0.11","2.1.0.443","PSt7-10","171011-002","6/6/2018 8:55:32 AM","1443-01","0","no battery","V"
"07/10/2018","11:51:11","2","default","726512009","O2","1.605","min","222.880","μmol/L","Humid","19.754","deg","148053","µV","25.926","°C","1013.000","hPa","40.0","pmil","0","55.500","deg","20.000","°C","100.000","%a.s.","22.080","deg","20.000","°C","976.000","hPa","0.861","-0.02617","0.00035","0","0","13.56","Humid","69.95","1","60.00","284292.20","SABD0001000008","AAV1.0.0.11","2.1.0.443","PSt7-10","171011-002","6/6/2018 8:55:32 AM","1443-01","0","no battery","V"
"07/10/2018","11:51:12","2","default","726512009","O2","1.622","min","222.954","μmol/L","Humid","19.753","deg","148063","µV","25.918","°C","1013.000","hPa","40.0","pmil","0","55.500","deg","20.000","°C","100.000","%a.s.","22.080","deg","20.000","°C","976.000","hPa","0.861","-0.02617","0.00035","0","0","13.56","Humid","69.95","1","60.00","284314.52","SABD0001000008","AAV1.0.0.11","2.1.0.443","PSt7-10","171011-002","6/6/2018 8:55:32 AM","1443-01","0","no battery","V"
"07/10/2018","11:51:13","2","default","726512009","O2","1.639","min","222.855","μmol/L","Humid","19.751","deg","148069","µV","25.939","°C","1013.000","hPa","40.0","pmil","0","55.500","deg","20.000","°C","100.000","%a.s.","22.080","deg","20.000","°C","976.000","hPa","0.861","-0.02617","0.00035","0","0","13.56","Humid","69.95","1","60.00","284311.76","SABD0001000008","AAV1.0.0.11","2.1.0.443","PSt7-10","171011-002","6/6/2018 8:55:32 AM","1443-01","0","no battery","V"
"07/10/2018","11:51:14","2","default","726512009","O2","1.655","min","222.884","μmol/L","Humid","19.754","deg","148080","µV","25.925","°C","1013.000","hPa","40.0","pmil","0","55.500","deg","20.000","°C","100.000","%a.s.","22.080","deg","20.000","°C","976.000","hPa","0.861","-0.02617","0.00035","0","0","13.56","Humid","69.95","1","60.00","284308.20","SABD0001000008","AAV1.0.0.11","2.1.0.443","PSt7-10","171011-002","6/6/2018 8:55:32 AM","1443-01","0","no battery","V"
"07/10/2018","11:51:15","2","default","726512009","O2","1.672","min","222.750","μmol/L","Humid","19.758","deg","148072","µV","25.933","°C","1013.000","hPa","40.0","pmil","0","55.500","deg","20.000","°C","100.000","%a.s.","22.080","deg","20.000","°C","976.000","hPa","0.861","-0.02617","0.00035","0","0","13.56","Humid","69.95","1","60.00","284309.86","SABD0001000008","AAV1.0.0.11","2.1.0.443","PSt7-10","171011-002","6/6/2018 8:55:32 AM","1443-01","0","no battery","V"
"07/10/2018","11:51:16","2","default","726512009","O2","1.689","min","222.864","μmol/L","Humid","19.756","deg","148083","µV","25.922","°C","1013.000","hPa","40.0","pmil","0","55.500","deg","20.000","°C","100.000","%a.s.","22.080","deg","20.000","°C","976.000","hPa","0.861","-0.02617","0.00035","0","0","13.56","Humid","69.95","1","60.00","284302.32","SABD0001000008","AAV1.0.0.11","2.1.0.443","PSt7-10","171011-002","6/6/2018 8:55:32 AM","1443-01","0","no battery","V"
"07/10/2018","11:51:17","2","default","726512009","O2","1.705","min","222.870","μmol/L","Humid","19.756","deg","148096","µV","25.921","°C","1013.000","hPa","40.0","pmil","0","55.500","deg","20.000","°C","100.000","%a.s.","22.080","deg","20.000","°C","976.000","hPa","0.861","-0.02617","0.00035","0","0","13.56","Humid","69.95","1","60.00","284302.37","SABD0001000008","AAV1.0.0.11","2.1.0.443","PSt7-10","171011-002","6/6/2018 8:55:32 AM","1443-01","0","no battery","V"
"07/10/2018","11:51:18","2","default","726512009","O2","1.722","min","222.872","μmol/L","Humid","19.754","deg","148101","µV","25.927","°C","1013.000","hPa","40.0","pmil","0","55.500","deg","20.000","°C","100.000","%a.s.","22.080","deg","20.000","°C","976.000","hPa","0.861","-0.02617","0.00035","0","0","13.56","Humid","69.95","1","60.00","284315.37","SABD0001000008","AAV1.0.0.11","2.1.0.443","PSt7-10","171011-002","6/6/2018 8:55:32 AM","1443-01","0","no battery","V"
"07/10/2018","11:51:19","2","default","726512009","O2","1.739","min","222.751","μmol/L","Humid","19.758","deg","148108","µV","25.933","°C","1013.000","hPa","40.0","pmil","0","55.500","deg","20.000","°C","100.000","%a.s.","22.080","deg","20.000","°C","976.000","hPa","0.861","-0.02617","0.00035","0","0","13.56","Humid","69.95","1","60.00","284297.41","SABD0001000008","AAV1.0.0.11","2.1.0.443","PSt7-10","171011-002","6/6/2018 8:55:32 AM","1443-01","0","no battery","V"
"07/10/2018","11:51:20","2","default","726512009","O2","1.755","min","222.745","μmol/L","Humid","19.760","deg","148103","µV","25.928","°C","1013.000","hPa","40.0","pmil","0","55.500","deg","20.000","°C","100.000","%a.s.","22.080","deg","20.000","°C","976.000","hPa","0.861","-0.02617","0.00035","0","0","13.56","Humid","69.95","1","60.00","284300.81","SABD0001000008","AAV1.0.0.11","2.1.0.443","PSt7-10","171011-002","6/6/2018 8:55:32 AM","1443-01","0","no battery","V"
"07/10/2018","11:51:21","2","default","726512009","O2","1.772","min","222.791","μmol/L","Humid","19.760","deg","148110","µV","25.921","°C","1013.000","hPa","40.0","pmil","0","55.500","deg","20.000","°C","100.000","%a.s.","22.080","deg","20.000","°C","976.000","hPa","0.861","-0.02617","0.00035","0","0","13.56","Humid","69.95","1","60.00","284308.97","SABD0001000008","AAV1.0.0.11","2.1.0.443","PSt7-10","171011-002","6/6/2018 8:55:32 AM","1443-01","0","no battery","V"
"07/10/2018","11:51:22","2","default","726512009","O2","1.789","min","222.796","μmol/L","Humid","19.758","deg","148128","µV","25.926","°C","1013.000","hPa","40.0","pmil","0","55.500","deg","20.000","°C","100.000","%a.s.","22.080","deg","20.000","°C","976.000","hPa","0.861","-0.02617","0.00035","0","0","13.56","Humid","69.95","1","60.00","284303.89","SABD0001000008","AAV1.0.0.11","2.1.0.443","PSt7-10","171011-002","6/6/2018 8:55:32 AM","1443-01","0","no battery","V"
"07/10/2018","11:51:23","2","default","726512009","O2","1.806","min","222.577","μmol/L","Humid","19.762","deg","148133","µV","25.947","°C","1013.000","hPa","40.0","pmil","0","55.500","deg","20.000","°C","100.000","%a.s.","22.080","deg","20.000","°C","976.000","hPa","0.861","-0.02617","0.00035","0","0","13.56","Humid","69.95","1","60.00","284293.26","SABD0001000008","AAV1.0.0.11","2.1.0.443","PSt7-10","171011-002","6/6/2018 8:55:32 AM","1443-01","0","no battery","V"
"07/10/2018","11:51:24","2","default","726512009","O2","1.822","min","222.582","μmol/L","Humid","19.764","deg","148140","µV","25.940","°C","1013.000","hPa","40.0","pmil","0","55.500","deg","20.000","°C","100.000","%a.s.","22.080","deg","20.000","°C","976.000","hPa","0.861","-0.02617","0.00035","0","0","13.56","Humid","69.95","1","60.00","284307.50","SABD0001000008","AAV1.0.0.11","2.1.0.443","PSt7-10","171011-002","6/6/2018 8:55:32 AM","1443-01","0","no battery","V"
"07/10/2018","11:51:25","2","default","726512009","O2","1.839","min","222.624","μmol/L","Humid","19.763","deg","148158","µV","25.937","°C","1013.000","hPa","40.0","pmil","0","55.500","deg","20.000","°C","100.000","%a.s.","22.080","deg","20.000","°C","976.000","hPa","0.861","-0.02617","0.00035","0","0","13.56","Humid","69.95","1","60.00","284295.55","SABD0001000008","AAV1.0.0.11","2.1.0.443","PSt7-10","171011-002","6/6/2018 8:55:32 AM","1443-01","0","no battery","V"
"07/10/2018","11:51:26","2","default","726512009","O2","1.855","min","222.611","μmol/L","Humid","19.763","deg","148155","µV","25.939","°C","1013.000","hPa","40.0","pmil","0","55.500","deg","20.000","°C","100.000","%a.s.","22.080","deg","20.000","°C","976.000","hPa","0.861","-0.02617","0.00035","0","0","13.56","Humid","69.95","1","60.00","284294.48","SABD0001000008","AAV1.0.0.11","2.1.0.443","PSt7-10","171011-002","6/6/2018 8:55:32 AM","1443-01","0","no battery","V"
"07/10/2018","11:51:27","2","default","726512009","O2","1.872","min","222.700","μmol/L","Humid","19.764","deg","148164","µV","25.922","°C","1013.000","hPa","40.0","pmil","0","55.500","deg","20.000","°C","100.000","%a.s.","22.080","deg","20.000","°C","976.000","hPa","0.861","-0.02617","0.00035","0","0","13.56","Humid","69.95","1","60.00","284302.08","SABD0001000008","AAV1.0.0.11","2.1.0.443","PSt7-10","171011-002","6/6/2018 8:55:32 AM","1443-01","0","no battery","V"
"07/10/2018","11:51:28","2","default","726512009","O2","1.889","min","222.542","μmol/L","Humid","19.766","deg","148163","µV","25.940","°C","1013.000","hPa","40.0","pmil","0","55.500","deg","20.000","°C","100.000","%a.s.","22.080","deg","20.000","°C","976.000","hPa","0.861","-0.02617","0.00035","0","0","13.56","Humid","69.95","1","60.00","284293.41","SABD0001000008","AAV1.0.0.11","2.1.0.443","PSt7-10","171011-002","6/6/2018 8:55:32 AM","1443-01","0","no battery","V"
"07/10/2018","11:51:29","2","default","726512009","O2","1.905","min","222.592","μmol/L","Humid","19.767","deg","148161","µV","25.929","°C","1013.000","hPa","40.0","pmil","0","55.500","deg","20.000","°C","100.000","%a.s.","22.080","deg","20.000","°C","976.000","hPa","0.861","-0.02617","0.00035","0","0","13.56","Humid","69.95","1","60.00","284292.66","SABD0001000008","AAV1.0.0.11","2.1.0.443","PSt7-10","171011-002","6/6/2018 8:55:32 AM","1443-01","0","no battery","V"
"07/10/2018","11:51:30","2","default","726512009","O2","1.922","min","222.611","μmol/L","Humid","19.767","deg","148176","µV","25.927","°C","1013.000","hPa","40.0","pmil","0","55.500","deg","20.000","°C","100.000","%a.s.","22.080","deg","20.000","°C","976.000","hPa","0.861","-0.02617","0.00035","0","0","13.56","Humid","69.95","1","60.00","284296.62","SABD0001000008","AAV1.0.0.11","2.1.0.443","PSt7-10","171011-002","6/6/2018 8:55:32 AM","1443-01","0","no battery","V"
"07/10/2018","11:51:31","2","default","726512009","O2","1.939","min","222.495","μmol/L","Humid","19.772","deg","148182","µV","25.929","°C","1013.000","hPa","40.0","pmil","0","55.500","deg","20.000","°C","100.000","%a.s.","22.080","deg","20.000","°C","976.000","hPa","0.861","-0.02617","0.00035","0","0","13.56","Humid","69.95","1","60.00","284296.85","SABD0001000008","AAV1.0.0.11","2.1.0.443","PSt7-10","171011-002","6/6/2018 8:55:32 AM","1443-01","0","no battery","V"
"07/10/2018","11:51:32","2","default","726512009","O2","1.956","min","222.620","μmol/L","Humid","19.765","deg","148191","µV","25.931","°C","1013.000","hPa","40.0","pmil","0","55.500","deg","20.000","°C","100.000","%a.s.","22.080","deg","20.000","°C","976.000","hPa","0.861","-0.02617","0.00035","0","0","13.56","Humid","69.95","1","60.00","284293.67","SABD0001000008","AAV1.0.0.11","2.1.0.443","PSt7-10","171011-002","6/6/2018 8:55:32 AM","1443-01","0","no battery","V"
"07/10/2018","11:51:33","2","default","726512009","O2","1.972","min","222.597","μmol/L","Humid","19.768","deg","148199","µV","25.925","°C","1013.000","hPa","40.0","pmil","0","55.500","deg","20.000","°C","100.000","%a.s.","22.080","deg","20.000","°C","976.000","hPa","0.861","-0.02617","0.00035","0","0","13.56","Humid","69.95","1","60.00","284295.94","SABD0001000008","AAV1.0.0.11","2.1.0.443","PSt7-10","171011-002","6/6/2018 8:55:32 AM","1443-01","0","no battery","V"
"07/10/2018","11:51:34","2","default","726512009","O2","1.989","min","222.541","μmol/L","Humid","19.767","deg","148216","µV","25.937","°C","1013.000","hPa","40.0","pmil","0","55.500","deg","20.000","°C","100.000","%a.s.","22.080","deg","20.000","°C","976.000","hPa","0.861","-0.02617","0.00035","0","0","13.56","Humid","69.95","1","60.00","284299.68","SABD0001000008","AAV1.0.0.11","2.1.0.443","PSt7-10","171011-002","6/6/2018 8:55:32 AM","1443-01","0","no battery","V"
"07/10/2018","11:51:35","2","default","726512009","O2","2.005","min","222.543","μmol/L","Humid","19.771","deg","148215","µV","25.924","°C","1013.000","hPa","40.0","pmil","0","55.500","deg","20.000","°C","100.000","%a.s.","22.080","deg","20.000","°C","976.000","hPa","0.861","-0.02617","0.00035","0","0","13.56","Humid","69.95","1","60.00","284304.19","SABD0001000008","AAV1.0.0.11","2.1.0.443","PSt7-10","171011-002","6/6/2018 8:55:32 AM","1443-01","0","no battery","V"
"07/10/2018","11:51:36","2","default","726512009","O2","2.022","min","222.451","μmol/L","Humid","19.774","deg","148223","µV","25.929","°C","1013.000","hPa","40.0","pmil","0","55.500","deg","20.000","°C","100.000","%a.s.","22.080","deg","20.000","°C","976.000","hPa","0.861","-0.02617","0.00035","0","0","13.56","Humid","69.95","1","60.00","284307.83","SABD0001000008","AAV1.0.0.11","2.1.0.443","PSt7-10","171011-002","6/6/2018 8:55:32 AM","1443-01","0","no battery","V"
"07/10/2018","11:51:37","2","default","726512009","O2","2.038","min","222.387","μmol/L","Humid","19.774","deg","148224","µV","25.939","°C","1013.000","hPa","40.0","pmil","0","55.500","deg","20.000","°C","100.000","%a.s.","22.080","deg","20.000","°C","976.000","hPa","0.861","-0.02617","0.00035","0","0","13.56","Humid","69.95","1","60.00","284287.06","SABD0001000008","AAV1.0.0.11","2.1.0.443","PSt7-10","171011-002","6/6/2018 8:55:32 AM","1443-01","0","no battery","V"
"07/10/2018","11:51:38","2","default","726512009","O2","2.055","min","222.424","μmol/L","Humid","19.772","deg","148239","µV","25.940","°C","1013.000","hPa","40.0","pmil","0","55.500","deg","20.000","°C","100.000","%a.s.","22.080","deg","20.000","°C","976.000","hPa","0.861","-0.02617","0.00035","0","0","13.56","Humid","69.95","1","60.00","284297.22","SABD0001000008","AAV1.0.0.11","2.1.0.443","PSt7-10","171011-002","6/6/2018 8:55:32 AM","1443-01","0","no battery","V"
"07/10/2018","11:51:39","2","default","726512009","O2","2.072","min","222.454","μmol/L","Humid","19.775","deg","148239","µV","25.926","°C","1013.000","hPa","40.0","pmil","0","55.500","deg","20.000","°C","100.000","%a.s.","22.080","deg","20.000","°C","976.000","hPa","0.861","-0.02617","0.00035","0","0","13.56","Humid","69.95","1","60.00","284286.82","SABD0001000008","AAV1.0.0.11","2.1.0.443","PSt7-10","171011-002","6/6/2018 8:55:32 AM","1443-01","0","no battery","V"
"07/10/2018","11:51:40","2","default","726512009","O2","2.089","min","222.466","μmol/L","Humid","19.776","deg","148255","µV","25.920","°C","1013.000","hPa","40.0","pmil","0","55.500","deg","20.000","°C","100.000","%a.s.","22.080","deg","20.000","°C","976.000","hPa","0.861","-0.02617","0.00035","0","0","13.56","Humid","69.95","1","60.00","284285.68","SABD0001000008","AAV1.0.0.11","2.1.0.443","PSt7-10","171011-002","6/6/2018 8:55:32 AM","1443-01","0","no battery","V"
"07/10/2018","11:51:41","2","default","726512009","O2","2.106","min","222.434","μmol/L","Humid","19.775","deg","148263","µV","25.929","°C","1013.000","hPa","40.0","pmil","0","55.500","deg","20.000","°C","100.000","%a.s.","22.080","deg","20.000","°C","976.000","hPa","0.861","-0.02617","0.00035","0","0","13.56","Humid","69.95","1","60.00","284296.24","SABD0001000008","AAV1.0.0.11","2.1.0.443","PSt7-10","171011-002","6/6/2018 8:55:32 AM","1443-01","0","no battery","V"
"07/10/2018","11:51:42","2","default","726512009","O2","2.122","min","222.377","μmol/L","Humid","19.778","deg","148262","µV","25.928","°C","1013.000","hPa","40.0","pmil","0","55.500","deg","20.000","°C","100.000","%a.s.","22.080","deg","20.000","°C","976.000","hPa","0.861","-0.02617","0.00035","0","0","13.56","Humid","69.95","1","60.00","284284.74","SABD0001000008","AAV1.0.0.11","2.1.0.443","PSt7-10","171011-002","6/6/2018 8:55:32 AM","1443-01","0","no battery","V"
"07/10/2018","11:51:43","2","default","726512009","O2","2.138","min","222.294","μmol/L","Humid","19.779","deg","148269","µV","25.938","°C","1013.000","hPa","40.0","pmil","0","55.500","deg","20.000","°C","100.000","%a.s.","22.080","deg","20.000","°C","976.000","hPa","0.861","-0.02617","0.00035","0","0","13.56","Humid","69.95","1","60.00","284288.27","SABD0001000008","AAV1.0.0.11","2.1.0.443","PSt7-10","171011-002","6/6/2018 8:55:32 AM","1443-01","0","no battery","V"
"07/10/2018","11:51:44","2","default","726512009","O2","2.155","min","222.263","μmol/L","Humid","19.778","deg","148277","µV","25.945","°C","1013.000","hPa","40.0","pmil","0","55.500","deg","20.000","°C","100.000","%a.s.","22.080","deg","20.000","°C","976.000","hPa","0.861","-0.02617","0.00035","0","0","13.56","Humid","69.95","1","60.00","284289.84","SABD0001000008","AAV1.0.0.11","2.1.0.443","PSt7-10","171011-002","6/6/2018 8:55:32 AM","1443-01","0","no battery","V"
"07/10/2018","11:51:45","2","default","726512009","O2","2.172","min","222.248","μmol/L","Humid","19.781","deg","148286","µV","25.938","°C","1013.000","hPa","40.0","pmil","0","55.500","deg","20.000","°C","100.000","%a.s.","22.080","deg","20.000","°C","976.000","hPa","0.861","-0.02617","0.00035","0","0","13.56","Humid","69.95","1","60.00","284283.82","SABD0001000008","AAV1.0.0.11","2.1.0.443","PSt7-10","171011-002","6/6/2018 8:55:32 AM","1443-01","0","no battery","V"
"07/10/2018","11:51:46","2","default","726512009","O2","2.188","min","222.191","μmol/L","Humid","19.784","deg","148286","µV","25.938","°C","1013.000","hPa","40.0","pmil","0","55.500","deg","20.000","°C","100.000","%a.s.","22.080","deg","20.000","°C","976.000","hPa","0.861","-0.02617","0.00035","0","0","13.56","Humid","69.95","1","60.00","284273.48","SABD0001000008","AAV1.0.0.11","2.1.0.443","PSt7-10","171011-002","6/6/2018 8:55:32 AM","1443-01","0","no battery","V"
"07/10/2018","11:51:47","2","default","726512009","O2","2.205","min","222.240","μmol/L","Humid","19.781","deg","148299","µV","25.940","°C","1013.000","hPa","40.0","pmil","0","55.500","deg","20.000","°C","100.000","%a.s.","22.080","deg","20.000","°C","976.000","hPa","0.861","-0.02617","0.00035","0","0","13.56","Humid","69.95","1","60.00","284281.48","SABD0001000008","AAV1.0.0.11","2.1.0.443","PSt7-10","171011-002","6/6/2018 8:55:32 AM","1443-01","0","no battery","V"
"07/10/2018","11:51:48","2","default","726512009","O2","2.222","min","222.176","μmol/L","Humid","19.783","deg","148308","µV","25.943","°C","1013.000","hPa","40.0","pmil","0","55.500","deg","20.000","°C","100.000","%a.s.","22.080","deg","20.000","°C","976.000","hPa","0.861","-0.02617","0.00035","0","0","13.56","Humid","69.95","1","60.00","284290.42","SABD0001000008","AAV1.0.0.11","2.1.0.443","PSt7-10","171011-002","6/6/2018 8:55:32 AM","1443-01","0","no battery","V"
"07/10/2018","11:51:49","2","default","726512009","O2","2.239","min","222.150","μmol/L","Humid","19.783","deg","148316","µV","25.947","°C","1013.000","hPa","40.0","pmil","0","55.500","deg","20.000","°C","100.000","%a.s.","22.080","deg","20.000","°C","976.000","hPa","0.861","-0.02617","0.00035","0","0","13.56","Humid","69.95","1","60.00","284285.71","SABD0001000008","AAV1.0.0.11","2.1.0.443","PSt7-10","171011-002","6/6/2018 8:55:32 AM","1443-01","0","no battery","V"
"07/10/2018","11:51:50","2","default","726512009","O2","2.256","min","222.242","μmol/L","Humid","19.784","deg","148327","µV","25.930","°C","1013.000","hPa","40.0","pmil","0","55.500","deg","20.000","°C","100.000","%a.s.","22.080","deg","20.000","°C","976.000","hPa","0.861","-0.02617","0.00035","0","0","13.56","Humid","69.95","1","60.00","284282.15","SABD0001000008","AAV1.0.0.11","2.1.0.443","PSt7-10","171011-002","6/6/2018 8:55:32 AM","1443-01","0","no battery","V"
"07/10/2018","11:51:51","2","default","726512009","O2","2.272","min","222.130","μmol/L","Humid","19.787","deg","148332","µV","25.938","°C","1013.000","hPa","40.0","pmil","0","55.500","deg","20.000","°C","100.000","%a.s.","22.080","deg","20.000","°C","976.000","hPa","0.861","-0.02617","0.00035","0","0","13.56","Humid","69.95","1","60.00","284277.33","SABD0001000008","AAV1.0.0.11","2.1.0.443","PSt7-10","171011-002","6/6/2018 8:55:32 AM","1443-01","0","no battery","V"
"07/10/2018","11:51:52","2","default","726512009","O2","2.289","min","221.994","μmol/L","Humid","19.787","deg","148341","µV","25.959","°C","1013.000","hPa","40.0","pmil","0","55.500","deg","20.000","°C","100.000","%a.s.","22.080","deg","20.000","°C","976.000","hPa","0.861","-0.02617","0.00035","0","0","13.56","Humid","69.95","1","60.00","284266.15","SABD0001000008","AAV1.0.0.11","2.1.0.443","PSt7-10","171011-002","6/6/2018 8:55:32 AM","1443-01","0","no battery","V"
"07/10/2018","11:51:53","2","default","726512009","O2","2.305","min","222.112","μmol/L","Humid","19.788","deg","148335","µV","25.937","°C","1013.000","hPa","40.0","pmil","0","55.500","deg","20.000","°C","100.000","%a.s.","22.080","deg","20.000","°C","976.000","hPa","0.861","-0.02617","0.00035","0","0","13.56","Humid","69.95","1","60.00","284267.37","SABD0001000008","AAV1.0.0.11","2.1.0.443","PSt7-10","171011-002","6/6/2018 8:55:32 AM","1443-01","0","no battery","V"
"07/10/2018","11:51:54","2","default","726512009","O2","2.322","min","222.131","μmol/L","Humid","19.790","deg","148350","µV","25.928","°C","1013.000","hPa","40.0","pmil","0","55.500","deg","20.000","°C","100.000","%a.s.","22.080","deg","20.000","°C","976.000","hPa","0.861","-0.02617","0.00035","0","0","13.56","Humid","69.95","1","60.00","284267.63","SABD0001000008","AAV1.0.0.11","2.1.0.443","PSt7-10","171011-002","6/6/2018 8:55:32 AM","1443-01","0","no battery","V"
"07/10/2018","11:51:55","2","default","726512009","O2","2.338","min","222.087","μmol/L","Humid","19.791","deg","148362","µV","25.932","°C","1013.000","hPa","40.0","pmil","0","55.500","deg","20.000","°C","100.000","%a.s.","22.080","deg","20.000","°C","976.000","hPa","0.861","-0.02617","0.00035","0","0","13.56","Humid","69.95","1","60.00","284262.02","SABD0001000008","AAV1.0.0.11","2.1.0.443","PSt7-10","171011-002","6/6/2018 8:55:32 AM","1443-01","0","no battery","V"
"07/10/2018","11:51:56","2","default","726512009","O2","2.356","min","222.029","μmol/L","Humid","19.793","deg","148373","µV","25.934","°C","1013.000","hPa","40.0","pmil","0","55.500","deg","20.000","°C","100.000","%a.s.","22.080","deg","20.000","°C","976.000","hPa","0.861","-0.02617","0.00035","0","0","13.56","Humid","69.95","1","60.00","284264.02","SABD0001000008","AAV1.0.0.11","2.1.0.443","PSt7-10","171011-002","6/6/2018 8:55:32 AM","1443-01","0","no battery","V"
"07/10/2018","11:51:57","2","default","726512009","O2","2.372","min","222.063","μmol/L","Humid","19.796","deg","148381","µV","25.920","°C","1013.000","hPa","40.0","pmil","0","55.500","deg","20.000","°C","100.000","%a.s.","22.080","deg","20.000","°C","976.000","hPa","0.861","-0.02617","0.00035","0","0","13.56","Humid","69.95","1","60.00","284279.22","SABD0001000008","AAV1.0.0.11","2.1.0.443","PSt7-10","171011-002","6/6/2018 8:55:32 AM","1443-01","0","no battery","V"
"07/10/2018","11:51:58","2","default","726512009","O2","2.389","min","222.093","μmol/L","Humid","19.793","deg","148383","µV","25.925","°C","1013.000","hPa","40.0","pmil","0","55.500","deg","20.000","°C","100.000","%a.s.","22.080","deg","20.000","°C","976.000","hPa","0.861","-0.02617","0.00035","0","0","13.56","Humid","69.95","1","60.00","284276.53","SABD0001000008","AAV1.0.0.11","2.1.0.443","PSt7-10","171011-002","6/6/2018 8:55:32 AM","1443-01","0","no battery","V"
"07/10/2018","11:51:59","2","default","726512009","O2","2.405","min","222.086","μmol/L","Humid","19.794","deg","148391","µV","25.922","°C","1013.000","hPa","40.0","pmil","0","55.500","deg","20.000","°C","100.000","%a.s.","22.080","deg","20.000","°C","976.000","hPa","0.861","-0.02617","0.00035","0","0","13.56","Humid","69.95","1","60.00","284279.37","SABD0001000008","AAV1.0.0.11","2.1.0.443","PSt7-10","171011-002","6/6/2018 8:55:32 AM","1443-01","0","no battery","V"
"07/10/2018","11:52:00","2","default","726512009","O2","2.422","min","222.186","μmol/L","Humid","19.791","deg","148395","µV","25.917","°C","1013.000","hPa","40.0","pmil","0","55.500","deg","20.000","°C","100.000","%a.s.","22.080","deg","20.000","°C","976.000","hPa","0.861","-0.02617","0.00035","0","0","13.56","Humid","69.95","1","60.00","284272.19","SABD0001000008","AAV1.0.0.11","2.1.0.443","PSt7-10","171011-002","6/6/2018 8:55:32 AM","1443-01","0","no battery","V"
"07/10/2018","11:52:01","2","default","726512009","O2","2.439","min","221.938","μmol/L","Humid","19.796","deg","148415","µV","25.939","°C","1013.000","hPa","40.0","pmil","0","55.500","deg","20.000","°C","100.000","%a.s.","22.080","deg","20.000","°C","976.000","hPa","0.861","-0.02617","0.00035","0","0","13.56","Humid","69.95","1","60.00","284277.46","SABD0001000008","AAV1.0.0.11","2.1.0.443","PSt7-10","171011-002","6/6/2018 8:55:32 AM","1443-01","0","no battery","V"
"07/10/2018","11:52:02","2","default","726512009","O2","2.455","min","221.951","μmol/L","Humid","19.797","deg","148431","µV","25.934","°C","1013.000","hPa","40.0","pmil","0","55.500","deg","20.000","°C","100.000","%a.s.","22.080","deg","20.000","°C","976.000","hPa","0.861","-0.02617","0.00035","0","0","13.56","Humid","69.95","1","60.00","284279.47","SABD0001000008","AAV1.0.0.11","2.1.0.443","PSt7-10","171011-002","6/6/2018 8:55:32 AM","1443-01","0","no battery","V"
"07/10/2018","11:52:03","2","default","726512009","O2","2.472","min","221.985","μmol/L","Humid","19.797","deg","148425","µV","25.929","°C","1013.000","hPa","40.0","pmil","0","55.500","deg","20.000","°C","100.000","%a.s.","22.080","deg","20.000","°C","976.000","hPa","0.861","-0.02617","0.00035","0","0","13.56","Humid","69.95","1","60.00","284290.63","SABD0001000008","AAV1.0.0.11","2.1.0.443","PSt7-10","171011-002","6/6/2018 8:55:32 AM","1443-01","0","no battery","V"
"07/10/2018","11:52:04","2","default","726512009","O2","2.488","min","221.988","μmol/L","Humid","19.800","deg","148430","µV","25.919","°C","1013.000","hPa","40.0","pmil","0","55.500","deg","20.000","°C","100.000","%a.s.","22.080","deg","20.000","°C","976.000","hPa","0.861","-0.02617","0.00035","0","0","13.56","Humid","69.95","1","60.00","284279.02","SABD0001000008","AAV1.0.0.11","2.1.0.443","PSt7-10","171011-002","6/6/2018 8:55:32 AM","1443-01","0","no battery","V"
"07/10/2018","11:52:05","2","default","726512009","O2","2.506","min","221.958","μmol/L","Humid","19.801","deg","148446","µV","25.920","°C","1013.000","hPa","40.0","pmil","0","55.500","deg","20.000","°C","100.000","%a.s.","22.080","deg","20.000","°C","976.000","hPa","0.861","-0.02617","0.00035","0","0","13.56","Humid","69.95","1","60.00","284278.19","SABD0001000008","AAV1.0.0.11","2.1.0.443","PSt7-10","171011-002","6/6/2018 8:55:32 AM","1443-01","0","no battery","V"
"07/10/2018","11:52:06","2","default","726512009","O2","2.522","min","221.841","μmol/L","Humid","19.801","deg","148450","µV","25.938","°C","1013.000","hPa","40.0","pmil","0","55.500","deg","20.000","°C","100.000","%a.s.","22.080","deg","20.000","°C","976.000","hPa","0.861","-0.02617","0.00035","0","0","13.56","Humid","69.95","1","60.00","284269.72","SABD0001000008","AAV1.0.0.11","2.1.0.443","PSt7-10","171011-002","6/6/2018 8:55:32 AM","1443-01","0","no battery","V"
"07/10/2018","11:52:07","2","default","726512009","O2","2.539","min","221.692","μmol/L","Humid","19.804","deg","148468","µV","25.952","°C","1013.000","hPa","40.0","pmil","0","55.500","deg","20.000","°C","100.000","%a.s.","22.080","deg","20.000","°C","976.000","hPa","0.861","-0.02617","0.00035","0","0","13.56","Humid","69.95","1","60.00","284280.97","SABD0001000008","AAV1.0.0.11","2.1.0.443","PSt7-10","171011-002","6/6/2018 8:55:32 AM","1443-01","0","no battery","V"
"07/10/2018","11:52:08","2","default","726512009","O2","2.555","min","221.814","μmol/L","Humid","19.807","deg","148464","µV","25.924","°C","1013.000","hPa","40.0","pmil","0","55.500","deg","20.000","°C","100.000","%a.s.","22.080","deg","20.000","°C","976.000","hPa","0.861","-0.02617","0.00035","0","0","13.56","Humid","69.95","1","60.00","284281.99","SABD0001000008","AAV1.0.0.11","2.1.0.443","PSt7-10","171011-002","6/6/2018 8:55:32 AM","1443-01","0","no battery","V"
"07/10/2018","11:52:09","2","default","726512009","O2","2.572","min","221.749","μmol/L","Humid","19.806","deg","148475","µV","25.937","°C","1013.000","hPa","40.0","pmil","0","55.500","deg","20.000","°C","100.000","%a.s.","22.080","deg","20.000","°C","976.000","hPa","0.861","-0.02617","0.00035","0","0","13.56","Humid","69.95","1","60.00","284289.53","SABD0001000008","AAV1.0.0.11","2.1.0.443","PSt7-10","171011-002","6/6/2018 8:55:32 AM","1443-01","0","no battery","V"
"07/10/2018","11:52:10","2","default","726512009","O2","2.589","min","221.668","μmol/L","Humid","19.807","deg","148483","µV","25.946","°C","1013.000","hPa","40.0","pmil","0","55.500","deg","20.000","°C","100.000","%a.s.","22.080","deg","20.000","°C","976.000","hPa","0.861","-0.02617","0.00035","0","0","13.56","Humid","69.95","1","60.00","284292.77","SABD0001000008","AAV1.0.0.11","2.1.0.443","PSt7-10","171011-002","6/6/2018 8:55:32 AM","1443-01","0","no battery","V"
"07/10/2018","11:52:11","2","default","726512009","O2","2.605","min","221.577","μmol/L","Humid","19.809","deg","148484","µV","25.954","°C","1013.000","hPa","40.0","pmil","0","55.500","deg","20.000","°C","100.000","%a.s.","22.080","deg","20.000","°C","976.000","hPa","0.861","-0.02617","0.00035","0","0","13.56","Humid","69.95","1","60.00","284273.31","SABD0001000008","AAV1.0.0.11","2.1.0.443","PSt7-10","171011-002","6/6/2018 8:55:32 AM","1443-01","0","no battery","V"
"07/10/2018","11:52:12","2","default","726512009","O2","2.622","min","221.688","μmol/L","Humid","19.809","deg","148507","µV","25.937","°C","1013.000","hPa","40.0","pmil","0","55.500","deg","20.000","°C","100.000","%a.s.","22.080","deg","20.000","°C","976.000","hPa","0.861","-0.02617","0.00035","0","0","13.56","Humid","69.95","1","60.00","284283.61","SABD0001000008","AAV1.0.0.11","2.1.0.443","PSt7-10","171011-002","6/6/2018 8:55:32 AM","1443-01","0","no battery","V"
"07/10/2018","11:52:13","2","default","726512009","O2","2.638","min","221.708","μmol/L","Humid","19.809","deg","148500","µV","25.934","°C","1013.000","hPa","40.0","pmil","0","55.500","deg","20.000","°C","100.000","%a.s.","22.080","deg","20.000","°C","976.000","hPa","0.861","-0.02617","0.00035","0","0","13.56","Humid","69.95","1","60.00","284276.94","SABD0001000008","AAV1.0.0.11","2.1.0.443","PSt7-10","171011-002","6/6/2018 8:55:32 AM","1443-01","0","no battery","V"
"07/10/2018","11:52:14","2","default","726512009","O2","2.655","min","221.637","μmol/L","Humid","19.810","deg","148501","µV","25.942","°C","1013.000","hPa","40.0","pmil","0","55.500","deg","20.000","°C","100.000","%a.s.","22.080","deg","20.000","°C","976.000","hPa","0.861","-0.02617","0.00035","0","0","13.56","Humid","69.95","1","60.00","284264.80","SABD0001000008","AAV1.0.0.11","2.1.0.443","PSt7-10","171011-002","6/6/2018 8:55:32 AM","1443-01","0","no battery","V"
"07/10/2018","11:52:15","2","default","726512009","O2","2.672","min","221.619","μmol/L","Humid","19.813","deg","148517","µV","25.935","°C","1013.000","hPa","40.0","pmil","0","55.500","deg","20.000","°C","100.000","%a.s.","22.080","deg","20.000","°C","976.000","hPa","0.861","-0.02617","0.00035","0","0","13.56","Humid","69.95","1","60.00","284276.16","SABD0001000008","AAV1.0.0.11","2.1.0.443","PSt7-10","171011-002","6/6/2018 8:55:32 AM","1443-01","0","no battery","V"
"07/10/2018","11:52:16","2","default","726512009","O2","2.689","min","221.665","μmol/L","Humid","19.811","deg","148532","µV","25.934","°C","1013.000","hPa","40.0","pmil","0","55.500","deg","20.000","°C","100.000","%a.s.","22.080","deg","20.000","°C","976.000","hPa","0.861","-0.02617","0.00035","0","0","13.56","Humid","69.95","1","60.00","284269.19","SABD0001000008","AAV1.0.0.11","2.1.0.443","PSt7-10","171011-002","6/6/2018 8:55:32 AM","1443-01","0","no battery","V"
"07/10/2018","11:52:17","2","default","726512009","O2","2.705","min","221.628","μmol/L","Humid","19.812","deg","148543","µV","25.937","°C","1013.000","hPa","40.0","pmil","0","55.500","deg","20.000","°C","100.000","%a.s.","22.080","deg","20.000","°C","976.000","hPa","0.861","-0.02617","0.00035","0","0","13.56","Humid","69.95","1","60.00","284286.54","SABD0001000008","AAV1.0.0.11","2.1.0.443","PSt7-10","171011-002","6/6/2018 8:55:32 AM","1443-01","0","no battery","V"
"07/10/2018","11:52:18","2","default","726512009","O2","2.722","min","221.608","μmol/L","Humid","19.816","deg","148562","µV","25.927","°C","1013.000","hPa","40.0","pmil","0","55.500","deg","20.000","°C","100.000","%a.s.","22.080","deg","20.000","°C","976.000","hPa","0.861","-0.02617","0.00035","0","0","13.56","Humid","69.95","1","60.00","284290.01","SABD0001000008","AAV1.0.0.11","2.1.0.443","PSt7-10","171011-002","6/6/2018 8:55:32 AM","1443-01","0","no battery","V"
"07/10/2018","11:52:19","2","default","726512009","O2","2.739","min","221.670","μmol/L","Humid","19.815","deg","148554","µV","25.921","°C","1013.000","hPa","40.0","pmil","0","55.500","deg","20.000","°C","100.000","%a.s.","22.080","deg","20.000","°C","976.000","hPa","0.861","-0.02617","0.00035","0","0","13.56","Humid","69.95","1","60.00","284277.08","SABD0001000008","AAV1.0.0.11","2.1.0.443","PSt7-10","171011-002","6/6/2018 8:55:32 AM","1443-01","0","no battery","V"
"07/10/2018","11:52:20","2","default","726512009","O2","2.755","min","221.443","μmol/L","Humid","19.816","deg","148568","µV","25.953","°C","1013.000","hPa","40.0","pmil","0","55.500","deg","20.000","°C","100.000","%a.s.","22.080","deg","20.000","°C","976.000","hPa","0.861","-0.02617","0.00035","0","0","13.56","Humid","69.95","1","60.00","284280.98","SABD0001000008","AAV1.0.0.11","2.1.0.443","PSt7-10","171011-002","6/6/2018 8:55:32 AM","1443-01","0","no battery","V"
"07/10/2018","11:52:21","2","default","726512009","O2","2.772","min","221.372","μmol/L","Humid","19.816","deg","148585","µV","25.964","°C","1013.000","hPa","40.0","pmil","0","55.500","deg","20.000","°C","100.000","%a.s.","22.080","deg","20.000","°C","976.000","hPa","0.861","-0.02617","0.00035","0","0","13.56","Humid","69.95","1","60.00","284279.44","SABD0001000008","AAV1.0.0.11","2.1.0.443","PSt7-10","171011-002","6/6/2018 8:55:32 AM","1443-01","0","no battery","V"
"07/10/2018","11:52:22","2","default","726512009","O2","2.788","min","221.209","μmol/L","Humid","19.822","deg","148592","µV","25.970","°C","1013.000","hPa","40.0","pmil","0","55.500","deg","20.000","°C","100.000","%a.s.","22.080","deg","20.000","°C","976.000","hPa","0.861","-0.02617","0.00035","0","0","13.56","Humid","69.95","1","60.00","284270.47","SABD0001000008","AAV1.0.0.11","2.1.0.443","PSt7-10","171011-002","6/6/2018 8:55:32 AM","1443-01","0","no battery","V"
"07/10/2018","11:52:23","2","default","726512009","O2","2.805","min","221.483","μmol/L","Humid","19.821","deg","148600","µV","25.931","°C","1013.000","hPa","40.0","pmil","0","55.500","deg","20.000","°C","100.000","%a.s.","22.080","deg","20.000","°C","976.000","hPa","0.861","-0.02617","0.00035","0","0","13.56","Humid","69.95","1","60.00","284283.31","SABD0001000008","AAV1.0.0.11","2.1.0.443","PSt7-10","171011-002","6/6/2018 8:55:32 AM","1443-01","0","no battery","V"
"07/10/2018","11:52:24","2","default","726512009","O2","2.822","min","221.486","μmol/L","Humid","19.821","deg","148598","µV","25.930","°C","1013.000","hPa","40.0","pmil","0","55.500","deg","20.000","°C","100.000","%a.s.","22.080","deg","20.000","°C","976.000","hPa","0.861","-0.02617","0.00035","0","0","13.56","Humid","69.95","1","60.00","284273.71","SABD0001000008","AAV1.0.0.11","2.1.0.443","PSt7-10","171011-002","6/6/2018 8:55:32 AM","1443-01","0","no battery","V"
"07/10/2018","11:52:25","2","default","726512009","O2","2.839","min","221.449","μmol/L","Humid","19.821","deg","148622","µV","25.936","°C","1013.000","hPa","40.0","pmil","0","55.500","deg","20.000","°C","100.000","%a.s.","22.080","deg","20.000","°C","976.000","hPa","0.861","-0.02617","0.00035","0","0","13.56","Humid","69.95","1","60.00","284265.34","SABD0001000008","AAV1.0.0.11","2.1.0.443","PSt7-10","171011-002","6/6/2018 8:55:32 AM","1443-01","0","no battery","V"
"07/10/2018","11:52:26","2","default","726512009","O2","2.855","min","221.290","μmol/L","Humid","19.823","deg","148624","µV","25.954","°C","1013.000","hPa","40.0","pmil","0","55.500","deg","20.000","°C","100.000","%a.s.","22.080","deg","20.000","°C","976.000","hPa","0.861","-0.02617","0.00035","0","0","13.56","Humid","69.95","1","60.00","284263.62","SABD0001000008","AAV1.0.0.11","2.1.0.443","PSt7-10","171011-002","6/6/2018 8:55:32 AM","1443-01","0","no battery","V"
"07/10/2018","11:52:27","2","default","726512009","O2","2.872","min","221.309","μmol/L","Humid","19.829","deg","148627","µV","25.933","°C","1013.000","hPa","40.0","pmil","0","55.500","deg","20.000","°C","100.000","%a.s.","22.080","deg","20.000","°C","976.000","hPa","0.861","-0.02617","0.00035","0","0","13.56","Humid","69.95","1","60.00","284260.06","SABD0001000008","AAV1.0.0.11","2.1.0.443","PSt7-10","171011-002","6/6/2018 8:55:32 AM","1443-01","0","no battery","V"
"07/10/2018","11:52:28","2","default","726512009","O2","2.889","min","221.393","μmol/L","Humid","19.824","deg","148643","µV","25.935","°C","1013.000","hPa","40.0","pmil","0","55.500","deg","20.000","°C","100.000","%a.s.","22.080","deg","20.000","°C","976.000","hPa","0.861","-0.02617","0.00035","0","0","13.56","Humid","69.95","1","60.00","284264.22","SABD0001000008","AAV1.0.0.11","2.1.0.443","PSt7-10","171011-002","6/6/2018 8:55:32 AM","1443-01","0","no battery","V"
"07/10/2018","11:52:29","2","default","726512009","O2","2.905","min","221.363","μmol/L","Humid","19.828","deg","148642","µV","25.927","°C","1013.000","hPa","40.0","pmil","0","55.500","deg","20.000","°C","100.000","%a.s.","22.080","deg","20.000","°C","976.000","hPa","0.861","-0.02617","0.00035","0","0","13.56","Humid","69.95","1","60.00","284262.40","SABD0001000008","AAV1.0.0.11","2.1.0.443","PSt7-10","171011-002","6/6/2018 8:55:32 AM","1443-01","0","no battery","V"
"07/10/2018","11:52:30","2","default","726512009","O2","2.922","min","221.274","μmol/L","Humid","19.825","deg","148653","µV","25.951","°C","1013.000","hPa","40.0","pmil","0","55.500","deg","20.000","°C","100.000","%a.s.","22.080","deg","20.000","°C","976.000","hPa","0.861","-0.02617","0.00035","0","0","13.56","Humid","69.95","1","60.00","284261.01","SABD0001000008","AAV1.0.0.11","2.1.0.443","PSt7-10","171011-002","6/6/2018 8:55:32 AM","1443-01","0","no battery","V"
"07/10/2018","11:52:31","2","default","726512009","O2","2.939","min","221.232","μmol/L","Humid","19.830","deg","148667","µV","25.941","°C","1013.000","hPa","40.0","pmil","0","55.500","deg","20.000","°C","100.000","%a.s.","22.080","deg","20.000","°C","976.000","hPa","0.861","-0.02617","0.00035","0","0","13.56","Humid","69.95","1","60.00","284255.74","SABD0001000008","AAV1.0.0.11","2.1.0.443","PSt7-10","171011-002","6/6/2018 8:55:32 AM","1443-01","0","no battery","V"
"07/10/2018","11:52:32","2","default","726512009","O2","2.955","min","221.308","μmol/L","Humid","19.828","deg","148668","µV","25.936","°C","1013.000","hPa","40.0","pmil","0","55.500","deg","20.000","°C","100.000","%a.s.","22.080","deg","20.000","°C","976.000","hPa","0.861","-0.02617","0.00035","0","0","13.56","Humid","69.95","1","60.00","284258.83","SABD0001000008","AAV1.0.0.11","2.1.0.443","PSt7-10","171011-002","6/6/2018 8:55:32 AM","1443-01","0","no battery","V"
"07/10/2018","11:52:33","2","default","726512009","O2","2.972","min","221.234","μmol/L","Humid","19.831","deg","148676","µV","25.938","°C","1013.000","hPa","40.0","pmil","0","55.500","deg","20.000","°C","100.000","%a.s.","22.080","deg","20.000","°C","976.000","hPa","0.861","-0.02617","0.00035","0","0","13.56","Humid","69.95","1","60.00","284248.78","SABD0001000008","AAV1.0.0.11","2.1.0.443","PSt7-10","171011-002","6/6/2018 8:55:32 AM","1443-01","0","no battery","V"
"07/10/2018","11:52:34","2","default","726512009","O2","2.988","min","221.215","μmol/L","Humid","19.830","deg","148676","µV","25.944","°C","1013.000","hPa","40.0","pmil","0","55.500","deg","20.000","°C","100.000","%a.s.","22.080","deg","20.000","°C","976.000","hPa","0.861","-0.02617","0.00035","0","0","13.56","Humid","69.95","1","60.00","284252.82","SABD0001000008","AAV1.0.0.11","2.1.0.443","PSt7-10","171011-002","6/6/2018 8:55:32 AM","1443-01","0","no battery","V"
"07/10/2018","11:52:35","2","default","726512009","O2","3.005","min","221.234","μmol/L","Humid","19.831","deg","148701","µV","25.938","°C","1013.000","hPa","40.0","pmil","0","55.500","deg","20.000","°C","100.000","%a.s.","22.080","deg","20.000","°C","976.000","hPa","0.861","-0.02617","0.00035","0","0","13.56","Humid","69.95","1","60.00","284264.88","SABD0001000008","AAV1.0.0.11","2.1.0.443","PSt7-10","171011-002","6/6/2018 8:55:32 AM","1443-01","0","no battery","V"
"07/10/2018","11:52:36","2","default","726512009","O2","3.022","min","221.192","μmol/L","Humid","19.833","deg","148713","µV","25.938","°C","1013.000","hPa","40.0","pmil","0","55.500","deg","20.000","°C","100.000","%a.s.","22.080","deg","20.000","°C","976.000","hPa","0.861","-0.02617","0.00035","0","0","13.56","Humid","69.95","1","60.00","284262.67","SABD0001000008","AAV1.0.0.11","2.1.0.443","PSt7-10","171011-002","6/6/2018 8:55:32 AM","1443-01","0","no battery","V"
"07/10/2018","11:52:37","2","default","726512009","O2","3.039","min","221.094","μmol/L","Humid","19.835","deg","148721","µV","25.947","°C","1013.000","hPa","40.0","pmil","0","55.500","deg","20.000","°C","100.000","%a.s.","22.080","deg","20.000","°C","976.000","hPa","0.861","-0.02617","0.00035","0","0","13.56","Humid","69.95","1","60.00","284268.42","SABD0001000008","AAV1.0.0.11","2.1.0.443","PSt7-10","171011-002","6/6/2018 8:55:32 AM","1443-01","0","no battery","V"
"07/10/2018","11:52:38","2","default","726512009","O2","3.055","min","221.104","μmol/L","Humid","19.839","deg","148722","µV","25.933","°C","1013.000","hPa","40.0","pmil","0","55.500","deg","20.000","°C","100.000","%a.s.","22.080","deg","20.000","°C","976.000","hPa","0.861","-0.02617","0.00035","0","0","13.56","Humid","69.95","1","60.00","284261.66","SABD0001000008","AAV1.0.0.11","2.1.0.443","PSt7-10","171011-002","6/6/2018 8:55:32 AM","1443-01","0","no battery","V"
"07/10/2018","11:52:39","2","default","726512009","O2","3.072","min","221.085","μmol/L","Humid","19.839","deg","148735","µV","25.936","°C","1013.000","hPa","40.0","pmil","0","55.500","deg","20.000","°C","100.000","%a.s.","22.080","deg","20.000","°C","976.000","hPa","0.861","-0.02617","0.00035","0","0","13.56","Humid","69.95","1","60.00","284260.19","SABD0001000008","AAV1.0.0.11","2.1.0.443","PSt7-10","171011-002","6/6/2018 8:55:32 AM","1443-01","0","no battery","V"
"07/10/2018","11:52:40","2","default","726512009","O2","3.089","min","221.096","μmol/L","Humid","19.836","deg","148740","µV","25.944","°C","1013.000","hPa","40.0","pmil","0","55.500","deg","20.000","°C","100.000","%a.s.","22.080","deg","20.000","°C","976.000","hPa","0.861","-0.02617","0.00035","0","0","13.56","Humid","69.95","1","60.00","284256.37","SABD0001000008","AAV1.0.0.11","2.1.0.443","PSt7-10","171011-002","6/6/2018 8:55:32 AM","1443-01","0","no battery","V"
"07/10/2018","11:52:41","2","default","726512009","O2","3.105","min","220.916","μmol/L","Humid","19.841","deg","148744","µV","25.956","°C","1013.000","hPa","40.0","pmil","0","55.500","deg","20.000","°C","100.000","%a.s.","22.080","deg","20.000","°C","976.000","hPa","0.861","-0.02617","0.00035","0","0","13.56","Humid","69.95","1","60.00","284238.68","SABD0001000008","AAV1.0.0.11","2.1.0.443","PSt7-10","171011-002","6/6/2018 8:55:32 AM","1443-01","0","no battery","V"
"07/10/2018","11:52:42","2","default","726512009","O2","3.122","min","221.007","μmol/L","Humid","19.841","deg","148760","µV","25.942","°C","1013.000","hPa","40.0","pmil","0","55.500","deg","20.000","°C","100.000","%a.s.","22.080","deg","20.000","°C","976.000","hPa","0.861","-0.02617","0.00035","0","0","13.56","Humid","69.95","1","60.00","284246.38","SABD0001000008","AAV1.0.0.11","2.1.0.443","PSt7-10","171011-002","6/6/2018 8:55:32 AM","1443-01","0","no battery","V"
"07/10/2018","11:52:43","2","default","726512009","O2","3.138","min","220.897","μmol/L","Humid","19.843","deg","148769","µV","25.952","°C","1013.000","hPa","40.0","pmil","0","55.500","deg","20.000","°C","100.000","%a.s.","22.080","deg","20.000","°C","976.000","hPa","0.861","-0.02617","0.00035","0","0","13.56","Humid","69.95","1","60.00","284247.04","SABD0001000008","AAV1.0.0.11","2.1.0.443","PSt7-10","171011-002","6/6/2018 8:55:32 AM","1443-01","0","no battery","V"
"07/10/2018","11:52:44","2","default","726512009","O2","3.156","min","220.902","μmol/L","Humid","19.842","deg","148785","µV","25.955","°C","1013.000","hPa","40.0","pmil","0","55.500","deg","20.000","°C","100.000","%a.s.","22.080","deg","20.000","°C","976.000","hPa","0.861","-0.02617","0.00035","0","0","13.56","Humid","69.95","1","60.00","284253.01","SABD0001000008","AAV1.0.0.11","2.1.0.443","PSt7-10","171011-002","6/6/2018 8:55:32 AM","1443-01","0","no battery","V"
"07/10/2018","11:52:45","2","default","726512009","O2","3.172","min","220.904","μmol/L","Humid","19.843","deg","148784","µV","25.951","°C","1013.000","hPa","40.0","pmil","0","55.500","deg","20.000","°C","100.000","%a.s.","22.080","deg","20.000","°C","976.000","hPa","0.861","-0.02617","0.00035","0","0","13.56","Humid","69.95","1","60.00","284258.15","SABD0001000008","AAV1.0.0.11","2.1.0.443","PSt7-10","171011-002","6/6/2018 8:55:32 AM","1443-01","0","no battery","V"
"07/10/2018","11:52:46","2","default","726512009","O2","3.189","min","220.803","μmol/L","Humid","19.847","deg","148795","µV","25.955","°C","1013.000","hPa","40.0","pmil","0","55.500","deg","20.000","°C","100.000","%a.s.","22.080","deg","20.000","°C","976.000","hPa","0.861","-0.02617","0.00035","0","0","13.56","Humid","69.95","1","60.00","284246.12","SABD0001000008","AAV1.0.0.11","2.1.0.443","PSt7-10","171011-002","6/6/2018 8:55:32 AM","1443-01","0","no battery","V"
"07/10/2018","11:52:47","2","default","726512009","O2","3.205","min","220.965","μmol/L","Humid","19.845","deg","148791","µV","25.936","°C","1013.000","hPa","40.0","pmil","0","55.500","deg","20.000","°C","100.000","%a.s.","22.080","deg","20.000","°C","976.000","hPa","0.861","-0.02617","0.00035","0","0","13.56","Humid","69.95","1","60.00","284234.75","SABD0001000008","AAV1.0.0.11","2.1.0.443","PSt7-10","171011-002","6/6/2018 8:55:32 AM","1443-01","0","no battery","V"
"07/10/2018","11:52:48","2","default","726512009","O2","3.222","min","220.917","μmol/L","Humid","19.846","deg","148809","µV","25.940","°C","1013.000","hPa","40.0","pmil","0","55.500","deg","20.000","°C","100.000","%a.s.","22.080","deg","20.000","°C","976.000","hPa","0.861","-0.02617","0.00035","0","0","13.56","Humid","69.95","1","60.00","284244.72","SABD0001000008","AAV1.0.0.11","2.1.0.443","PSt7-10","171011-002","6/6/2018 8:55:32 AM","1443-01","0","no battery","V"
"07/10/2018","11:52:49","2","default","726512009","O2","3.239","min","220.797","μmol/L","Humid","19.848","deg","148819","µV","25.952","°C","1013.000","hPa","40.0","pmil","0","55.500","deg","20.000","°C","100.000","%a.s.","22.080","deg","20.000","°C","976.000","hPa","0.861","-0.02617","0.00035","0","0","13.56","Humid","69.95","1","60.00","284229.24","SABD0001000008","AAV1.0.0.11","2.1.0.443","PSt7-10","171011-002","6/6/2018 8:55:32 AM","1443-01","0","no battery","V"
"07/10/2018","11:52:50","2","default","726512009","O2","3.255","min","220.726","μmol/L","Humid","19.851","deg","148824","µV","25.954","°C","1013.000","hPa","40.0","pmil","0","55.500","deg","20.000","°C","100.000","%a.s.","22.080","deg","20.000","°C","976.000","hPa","0.861","-0.02617","0.00035","0","0","13.56","Humid","69.95","1","60.00","284237.15","SABD0001000008","AAV1.0.0.11","2.1.0.443","PSt7-10","171011-002","6/6/2018 8:55:32 AM","1443-01","0","no battery","V"
"07/10/2018","11:52:51","2","default","726512009","O2","3.272","min","220.822","μmol/L","Humid","19.849","deg","148824","µV","25.945","°C","1013.000","hPa","40.0","pmil","0","55.500","deg","20.000","°C","100.000","%a.s.","22.080","deg","20.000","°C","976.000","hPa","0.861","-0.02617","0.00035","0","0","13.56","Humid","69.95","1","60.00","284231.04","SABD0001000008","AAV1.0.0.11","2.1.0.443","PSt7-10","171011-002","6/6/2018 8:55:32 AM","1443-01","0","no battery","V"
"07/10/2018","11:52:52","2","default","726512009","O2","3.289","min","220.718","μmol/L","Humid","19.854","deg","148835","µV","25.946","°C","1013.000","hPa","40.0","pmil","0","55.500","deg","20.000","°C","100.000","%a.s.","22.080","deg","20.000","°C","976.000","hPa","0.861","-0.02617","0.00035","0","0","13.56","Humid","69.95","1","60.00","284228.94","SABD0001000008","AAV1.0.0.11","2.1.0.443","PSt7-10","171011-002","6/6/2018 8:55:32 AM","1443-01","0","no battery","V"
"07/10/2018","11:52:53","2","default","726512009","O2","3.305","min","220.772","μmol/L","Humid","19.854","deg","148852","µV","25.938","°C","1013.000","hPa","40.0","pmil","0","55.500","deg","20.000","°C","100.000","%a.s.","22.080","deg","20.000","°C","976.000","hPa","0.861","-0.02617","0.00035","0","0","13.56","Humid","69.95","1","60.00","284242.03","SABD0001000008","AAV1.0.0.11","2.1.0.443","PSt7-10","171011-002","6/6/2018 8:55:32 AM","1443-01","0","no battery","V"
"07/10/2018","11:52:54","2","default","726512009","O2","3.322","min","220.740","μmol/L","Humid","19.855","deg","148856","µV","25.939","°C","1013.000","hPa","40.0","pmil","0","55.500","deg","20.000","°C","100.000","%a.s.","22.080","deg","20.000","°C","976.000","hPa","0.861","-0.02617","0.00035","0","0","13.56","Humid","69.95","1","60.00","284241.94","SABD0001000008","AAV1.0.0.11","2.1.0.443","PSt7-10","171011-002","6/6/2018 8:55:32 AM","1443-01","0","no battery","V"
"07/10/2018","11:52:55","2","default","726512009","O2","3.339","min","220.809","μmol/L","Humid","19.854","deg","148862","µV","25.932","°C","1013.000","hPa","40.0","pmil","0","55.500","deg","20.000","°C","100.000","%a.s.","22.080","deg","20.000","°C","976.000","hPa","0.861","-0.02617","0.00035","0","0","13.56","Humid","69.95","1","60.00","284240.67","SABD0001000008","AAV1.0.0.11","2.1.0.443","PSt7-10","171011-002","6/6/2018 8:55:32 AM","1443-01","0","no battery","V"
"07/10/2018","11:52:56","2","default","726512009","O2","3.356","min","220.766","μmol/L","Humid","19.857","deg","148859","µV","25.929","°C","1013.000","hPa","40.0","pmil","0","55.500","deg","20.000","°C","100.000","%a.s.","22.080","deg","20.000","°C","976.000","hPa","0.861","-0.02617","0.00035","0","0","13.56","Humid","69.95","1","60.00","284235.13","SABD0001000008","AAV1.0.0.11","2.1.0.443","PSt7-10","171011-002","6/6/2018 8:55:32 AM","1443-01","0","no battery","V"
"07/10/2018","11:52:57","2","default","726512009","O2","3.372","min","220.722","μmol/L","Humid","19.854","deg","148872","µV","25.945","°C","1013.000","hPa","40.0","pmil","0","55.500","deg","20.000","°C","100.000","%a.s.","22.080","deg","20.000","°C","976.000","hPa","0.861","-0.02617","0.00035","0","0","13.56","Humid","69.95","1","60.00","284244.56","SABD0001000008","AAV1.0.0.11","2.1.0.443","PSt7-10","171011-002","6/6/2018 8:55:32 AM","1443-01","0","no battery","V"
"07/10/2018","11:52:58","2","default","726512009","O2","3.389","min","220.655","μmol/L","Humid","19.855","deg","148879","µV","25.952","°C","1013.000","hPa","40.0","pmil","0","55.500","deg","20.000","°C","100.000","%a.s.","22.080","deg","20.000","°C","976.000","hPa","0.861","-0.02617","0.00035","0","0","13.56","Humid","69.95","1","60.00","284235.92","SABD0001000008","AAV1.0.0.11","2.1.0.443","PSt7-10","171011-002","6/6/2018 8:55:32 AM","1443-01","0","no battery","V"
"07/10/2018","11:52:59","2","default","726512009","O2","3.406","min","220.561","μmol/L","Humid","19.858","deg","148894","µV","25.958","°C","1013.000","hPa","40.0","pmil","0","55.500","deg","20.000","°C","100.000","%a.s.","22.080","deg","20.000","°C","976.000","hPa","0.861","-0.02617","0.00035","0","0","13.56","Humid","69.95","1","60.00","284242.43","SABD0001000008","AAV1.0.0.11","2.1.0.443","PSt7-10","171011-002","6/6/2018 8:55:32 AM","1443-01","0","no battery","V"
"07/10/2018","11:53:00","2","default","726512009","O2","3.422","min","220.583","μmol/L","Humid","19.857","deg","148904","µV","25.957","°C","1013.000","hPa","40.0","pmil","0","55.500","deg","20.000","°C","100.000","%a.s.","22.080","deg","20.000","°C","976.000","hPa","0.861","-0.02617","0.00035","0","0","13.56","Humid","69.95","1","60.00","284245.60","SABD0001000008","AAV1.0.0.11","2.1.0.443","PSt7-10","171011-002","6/6/2018 8:55:32 AM","1443-01","0","no battery","V"
"07/10/2018","11:53:01","2","default","726512009","O2","3.438","min","220.518","μmol/L","Humid","19.861","deg","148912","µV","25.955","°C","1013.000","hPa","40.0","pmil","0","55.500","deg","20.000","°C","100.000","%a.s.","22.080","deg","20.000","°C","976.000","hPa","0.861","-0.02617","0.00035","0","0","13.56","Humid","69.95","1","60.00","284237.73","SABD0001000008","AAV1.0.0.11","2.1.0.443","PSt7-10","171011-002","6/6/2018 8:55:32 AM","1443-01","0","no battery","V"
"07/10/2018","11:53:02","2","default","726512009","O2","3.456","min","220.565","μmol/L","Humid","19.864","deg","148926","µV","25.938","°C","1013.000","hPa","40.0","pmil","0","55.500","deg","20.000","°C","100.000","%a.s.","22.080","deg","20.000","°C","976.000","hPa","0.861","-0.02617","0.00035","0","0","13.56","Humid","69.95","1","60.00","284248.25","SABD0001000008","AAV1.0.0.11","2.1.0.443","PSt7-10","171011-002","6/6/2018 8:55:32 AM","1443-01","0","no battery","V"
"07/10/2018","11:53:03","2","default","726512009","O2","3.472","min","220.589","μmol/L","Humid","19.861","deg","148923","µV","25.944","°C","1013.000","hPa","40.0","pmil","0","55.500","deg","20.000","°C","100.000","%a.s.","22.080","deg","20.000","°C","976.000","hPa","0.861","-0.02617","0.00035","0","0","13.56","Humid","69.95","1","60.00","284241.80","SABD0001000008","AAV1.0.0.11","2.1.0.443","PSt7-10","171011-002","6/6/2018 8:55:32 AM","1443-01","0","no battery","V"
"07/10/2018","11:53:04","2","default","726512009","O2","3.488","min","220.562","μmol/L","Humid","19.862","deg","148932","µV","25.945","°C","1013.000","hPa","40.0","pmil","0","55.500","deg","20.000","°C","100.000","%a.s.","22.080","deg","20.000","°C","976.000","hPa","0.861","-0.02617","0.00035","0","0","13.56","Humid","69.95","1","60.00","284235.82","SABD0001000008","AAV1.0.0.11","2.1.0.443","PSt7-10","171011-002","6/6/2018 8:55:32 AM","1443-01","0","no battery","V"
"07/10/2018","11:53:05","2","default","726512009","O2","3.505","min","220.590","μmol/L","Humid","19.863","deg","148937","µV","25.938","°C","1013.000","hPa","40.0","pmil","0","55.500","deg","20.000","°C","100.000","%a.s.","22.080","deg","20.000","°C","976.000","hPa","0.861","-0.02617","0.00035","0","0","13.56","Humid","69.95","1","60.00","284241.65","SABD0001000008","AAV1.0.0.11","2.1.0.443","PSt7-10","171011-002","6/6/2018 8:55:32 AM","1443-01","0","no battery","V"
"07/10/2018","11:53:06","2","default","726512009","O2","3.522","min","220.477","μmol/L","Humid","19.868","deg","148947","µV","25.939","°C","1013.000","hPa","40.0","pmil","0","55.500","deg","20.000","°C","100.000","%a.s.","22.080","deg","20.000","°C","976.000","hPa","0.861","-0.02617","0.00035","0","0","13.56","Humid","69.95","1","60.00","284227.03","SABD0001000008","AAV1.0.0.11","2.1.0.443","PSt7-10","171011-002","6/6/2018 8:55:32 AM","1443-01","0","no battery","V"
"07/10/2018","11:53:07","2","default","726512009","O2","3.539","min","220.618","μmol/L","Humid","19.863","deg","148965","µV","25.933","°C","1013.000","hPa","40.0","pmil","0","55.500","deg","20.000","°C","100.000","%a.s.","22.080","deg","20.000","°C","976.000","hPa","0.861","-0.02617","0.00035","0","0","13.56","Humid","69.95","1","60.00","284244.77","SABD0001000008","AAV1.0.0.11","2.1.0.443","PSt7-10","171011-002","6/6/2018 8:55:32 AM","1443-01","0","no battery","V"
"07/10/2018","11:53:08","2","default","726512009","O2","3.556","min","220.491","μmol/L","Humid","19.865","deg","148972","µV","25.947","°C","1013.000","hPa","40.0","pmil","0","55.500","deg","20.000","°C","100.000","%a.s.","22.080","deg","20.000","°C","976.000","hPa","0.861","-0.02617","0.00035","0","0","13.56","Humid","69.95","1","60.00","284242.21","SABD0001000008","AAV1.0.0.11","2.1.0.443","PSt7-10","171011-002","6/6/2018 8:55:32 AM","1443-01","0","no battery","V"
"07/10/2018","11:53:09","2","default","726512009","O2","3.572","min","220.360","μmol/L","Humid","19.870","deg","148980","µV","25.951","°C","1013.000","hPa","40.0","pmil","0","55.500","deg","20.000","°C","100.000","%a.s.","22.080","deg","20.000","°C","976.000","hPa","0.861","-0.02617","0.00035","0","0","13.56","Humid","69.95","1","60.00","284241.48","SABD0001000008","AAV1.0.0.11","2.1.0.443","PSt7-10","171011-002","6/6/2018 8:55:32 AM","1443-01","0","no battery","V"
"07/10/2018","11:53:10","2","default","726512009","O2","3.589","min","220.456","μmol/L","Humid","19.867","deg","148985","µV","25.946","°C","1013.000","hPa","40.0","pmil","0","55.500","deg","20.000","°C","100.000","%a.s.","22.080","deg","20.000","°C","976.000","hPa","0.861","-0.02617","0.00035","0","0","13.56","Humid","69.95","1","60.00","284247.26","SABD0001000008","AAV1.0.0.11","2.1.0.443","PSt7-10","171011-002","6/6/2018 8:55:32 AM","1443-01","0","no battery","V"
"07/10/2018","11:53:11","2","default","726512009","O2","3.605","min","220.414","μmol/L","Humid","19.871","deg","148996","µV","25.940","°C","1013.000","hPa","40.0","pmil","0","55.500","deg","20.000","°C","100.000","%a.s.","22.080","deg","20.000","°C","976.000","hPa","0.861","-0.02617","0.00035","0","0","13.56","Humid","69.95","1","60.00","284232.84","SABD0001000008","AAV1.0.0.11","2.1.0.443","PSt7-10","171011-002","6/6/2018 8:55:32 AM","1443-01","0","no battery","V"
"07/10/2018","11:53:12","2","default","726512009","O2","3.622","min","220.434","μmol/L","Humid","19.874","deg","149010","µV","25.927","°C","1013.000","hPa","40.0","pmil","0","55.500","deg","20.000","°C","100.000","%a.s.","22.080","deg","20.000","°C","976.000","hPa","0.861","-0.02617","0.00035","0","0","13.56","Humid","69.95","1","60.00","284253.27","SABD0001000008","AAV1.0.0.11","2.1.0.443","PSt7-10","171011-002","6/6/2018 8:55:32 AM","1443-01","0","no battery","V"
"07/10/2018","11:53:13","2","default","726512009","O2","3.639","min","220.450","μmol/L","Humid","19.875","deg","149024","µV","25.922","°C","1013.000","hPa","40.0","pmil","0","55.500","deg","20.000","°C","100.000","%a.s.","22.080","deg","20.000","°C","976.000","hPa","0.861","-0.02617","0.00035","0","0","13.56","Humid","69.95","1","60.00","284254.06","SABD0001000008","AAV1.0.0.11","2.1.0.443","PSt7-10","171011-002","6/6/2018 8:55:32 AM","1443-01","0","no battery","V"
"07/10/2018","11:53:14","2","default","726512009","O2","3.655","min","220.362","μmol/L","Humid","19.874","deg","149026","µV","25.939","°C","1013.000","hPa","40.0","pmil","0","55.500","deg","20.000","°C","100.000","%a.s.","22.080","deg","20.000","°C","976.000","hPa","0.861","-0.02617","0.00035","0","0","13.56","Humid","69.95","1","60.00","284249.29","SABD0001000008","AAV1.0.0.11","2.1.0.443","PSt7-10","171011-002","6/6/2018 8:55:32 AM","1443-01","0","no battery","V"
"07/10/2018","11:53:15","2","default","726512009","O2","3.672","min","220.318","μmol/L","Humid","19.876","deg","149031","µV","25.939","°C","1013.000","hPa","40.0","pmil","0","55.500","deg","20.000","°C","100.000","%a.s.","22.080","deg","20.000","°C","976.000","hPa","0.861","-0.02617","0.00035","0","0","13.56","Humid","69.95","1","60.00","284240.92","SABD0001000008","AAV1.0.0.11","2.1.0.443","PSt7-10","171011-002","6/6/2018 8:55:32 AM","1443-01","0","no battery","V"
"07/10/2018","11:53:16","2","default","726512009","O2","3.689","min","220.267","μmol/L","Humid","19.875","deg","149037","µV","25.950","°C","1013.000","hPa","40.0","pmil","0","55.500","deg","20.000","°C","100.000","%a.s.","22.080","deg","20.000","°C","976.000","hPa","0.861","-0.02617","0.00035","0","0","13.56","Humid","69.95","1","60.00","284240.33","SABD0001000008","AAV1.0.0.11","2.1.0.443","PSt7-10","171011-002","6/6/2018 8:55:32 AM","1443-01","0","no battery","V"
"07/10/2018","11:53:17","2","default","726512009","O2","3.705","min","220.108","μmol/L","Humid","19.880","deg","149036","µV","25.959","°C","1013.000","hPa","40.0","pmil","0","55.500","deg","20.000","°C","100.000","%a.s.","22.080","deg","20.000","°C","976.000","hPa","0.861","-0.02617","0.00035","0","0","13.56","Humid","69.95","1","60.00","284233.73","SABD0001000008","AAV1.0.0.11","2.1.0.443","PSt7-10","171011-002","6/6/2018 8:55:32 AM","1443-01","0","no battery","V"
"07/10/2018","11:53:18","2","default","726512009","O2","3.722","min","220.173","μmol/L","Humid","19.876","deg","149054","µV","25.961","°C","1013.000","hPa","40.0","pmil","0","55.500","deg","20.000","°C","100.000","%a.s.","22.080","deg","20.000","°C","976.000","hPa","0.861","-0.02617","0.00035","0","0","13.56","Humid","69.95","1","60.00","284244.22","SABD0001000008","AAV1.0.0.11","2.1.0.443","PSt7-10","171011-002","6/6/2018 8:55:32 AM","1443-01","0","no battery","V"
"07/10/2018","11:53:19","2","default","726512009","O2","3.739","min","220.142","μmol/L","Humid","19.878","deg","149056","µV","25.960","°C","1013.000","hPa","40.0","pmil","0","55.500","deg","20.000","°C","100.000","%a.s.","22.080","deg","20.000","°C","976.000","hPa","0.861","-0.02617","0.00035","0","0","13.56","Humid","69.95","1","60.00","284227.87","SABD0001000008","AAV1.0.0.11","2.1.0.443","PSt7-10","171011-002","6/6/2018 8:55:32 AM","1443-01","0","no battery","V"
"07/10/2018","11:53:20","2","default","726512009","O2","3.756","min","220.176","μmol/L","Humid","19.879","deg","149063","µV","25.952","°C","1013.000","hPa","40.0","pmil","0","55.500","deg","20.000","°C","100.000","%a.s.","22.080","deg","20.000","°C","976.000","hPa","0.861","-0.02617","0.00035","0","0","13.56","Humid","69.95","1","60.00","284225.76","SABD0001000008","AAV1.0.0.11","2.1.0.443","PSt7-10","171011-002","6/6/2018 8:55:32 AM","1443-01","0","no battery","V"
"07/10/2018","11:53:21","2","default","726512009","O2","3.772","min","220.127","μmol/L","Humid","19.883","deg","149071","µV","25.947","°C","1013.000","hPa","40.0","pmil","0","55.500","deg","20.000","°C","100.000","%a.s.","22.080","deg","20.000","°C","976.000","hPa","0.861","-0.02617","0.00035","0","0","13.56","Humid","69.95","1","60.00","284226.92","SABD0001000008","AAV1.0.0.11","2.1.0.443","PSt7-10","171011-002","6/6/2018 8:55:32 AM","1443-01","0","no battery","V"
"07/10/2018","11:53:22","2","default","726512009","O2","3.789","min","220.114","μmol/L","Humid","19.881","deg","149090","µV","25.955","°C","1013.000","hPa","40.0","pmil","0","55.500","deg","20.000","°C","100.000","%a.s.","22.080","deg","20.000","°C","976.000","hPa","0.861","-0.02617","0.00035","0","0","13.56","Humid","69.95","1","60.00","284231.20","SABD0001000008","AAV1.0.0.11","2.1.0.443","PSt7-10","171011-002","6/6/2018 8:55:32 AM","1443-01","0","no battery","V"
"07/10/2018","11:53:23","2","default","726512009","O2","3.806","min","220.072","μmol/L","Humid","19.883","deg","149088","µV","25.955","°C","1013.000","hPa","40.0","pmil","0","55.500","deg","20.000","°C","100.000","%a.s.","22.080","deg","20.000","°C","976.000","hPa","0.861","-0.02617","0.00035","0","0","13.56","Humid","69.95","1","60.00","284221.98","SABD0001000008","AAV1.0.0.11","2.1.0.443","PSt7-10","171011-002","6/6/2018 8:55:32 AM","1443-01","0","no battery","V"
"07/10/2018","11:53:24","2","default","726512009","O2","3.822","min","220.086","μmol/L","Humid","19.884","deg","149099","µV","25.950","°C","1013.000","hPa","40.0","pmil","0","55.500","deg","20.000","°C","100.000","%a.s.","22.080","deg","20.000","°C","976.000","hPa","0.861","-0.02617","0.00035","0","0","13.56","Humid","69.95","1","60.00","284219.07","SABD0001000008","AAV1.0.0.11","2.1.0.443","PSt7-10","171011-002","6/6/2018 8:55:32 AM","1443-01","0","no battery","V"
"07/10/2018","11:53:25","2","default","726512009","O2","3.839","min","220.178","μmol/L","Humid","19.883","deg","149112","µV","25.939","°C","1013.000","hPa","40.0","pmil","0","55.500","deg","20.000","°C","100.000","%a.s.","22.080","deg","20.000","°C","976.000","hPa","0.861","-0.02617","0.00035","0","0","13.56","Humid","69.95","1","60.00","284232.15","SABD0001000008","AAV1.0.0.11","2.1.0.443","PSt7-10","171011-002","6/6/2018 8:55:32 AM","1443-01","0","no battery","V"
"07/10/2018","11:53:26","2","default","726512009","O2","3.855","min","220.061","μmol/L","Humid","19.885","deg","149117","µV","25.951","°C","1013.000","hPa","40.0","pmil","0","55.500","deg","20.000","°C","100.000","%a.s.","22.080","deg","20.000","°C","976.000","hPa","0.861","-0.02617","0.00035","0","0","13.56","Humid","69.95","1","60.00","284225.83","SABD0001000008","AAV1.0.0.11","2.1.0.443","PSt7-10","171011-002","6/6/2018 8:55:32 AM","1443-01","0","no battery","V"
"07/10/2018","11:53:27","2","default","726512009","O2","3.872","min","219.961","μmol/L","Humid","19.888","deg","149115","µV","25.957","°C","1013.000","hPa","40.0","pmil","0","55.500","deg","20.000","°C","100.000","%a.s.","22.080","deg","20.000","°C","976.000","hPa","0.861","-0.02617","0.00035","0","0","13.56","Humid","69.95","1","60.00","284222.02","SABD0001000008","AAV1.0.0.11","2.1.0.443","PSt7-10","171011-002","6/6/2018 8:55:32 AM","1443-01","0","no battery","V"
"07/10/2018","11:53:28","2","default","726512009","O2","3.888","min","220.047","μmol/L","Humid","19.887","deg","149128","µV","25.947","°C","1013.000","hPa","40.0","pmil","0","55.500","deg","20.000","°C","100.000","%a.s.","22.080","deg","20.000","°C","976.000","hPa","0.861","-0.02617","0.00035","0","0","13.56","Humid","69.95","1","60.00","284215.24","SABD0001000008","AAV1.0.0.11","2.1.0.443","PSt7-10","171011-002","6/6/2018 8:55:32 AM","1443-01","0","no battery","V"
"07/10/2018","11:53:29","2","default","726512009","O2","3.905","min","220.072","μmol/L","Humid","19.887","deg","149128","µV","25.943","°C","1013.000","hPa","40.0","pmil","0","55.500","deg","20.000","°C","100.000","%a.s.","22.080","deg","20.000","°C","976.000","hPa","0.861","-0.02617","0.00035","0","0","13.56","Humid","69.95","1","60.00","284226.06","SABD0001000008","AAV1.0.0.11","2.1.0.443","PSt7-10","171011-002","6/6/2018 8:55:32 AM","1443-01","0","no battery","V"
"07/10/2018","11:53:30","2","default","726512009","O2","3.922","min","219.989","μmol/L","Humid","19.888","deg","149140","µV","25.953","°C","1013.000","hPa","40.0","pmil","0","55.500","deg","20.000","°C","100.000","%a.s.","22.080","deg","20.000","°C","976.000","hPa","0.861","-0.02617","0.00035","0","0","13.56","Humid","69.95","1","60.00","284215.01","SABD0001000008","AAV1.0.0.11","2.1.0.443","PSt7-10","171011-002","6/6/2018 8:55:32 AM","1443-01","0","no battery","V"
"07/10/2018","11:53:31","2","default","726512009","O2","3.939","min","219.989","μmol/L","Humid","19.892","deg","149151","µV","25.940","°C","1013.000","hPa","40.0","pmil","0","55.500","deg","20.000","°C","100.000","%a.s.","22.080","deg","20.000","°C","976.000","hPa","0.861","-0.02617","0.00035","0","0","13.56","Humid","69.95","1","60.00","284216.69","SABD0001000008","AAV1.0.0.11","2.1.0.443","PSt7-10","171011-002","6/6/2018 8:55:32 AM","1443-01","0","no battery","V"
"07/10/2018","11:53:32","2","default","726512009","O2","3.956","min","219.977","μmol/L","Humid","19.891","deg","149161","µV","25.945","°C","1013.000","hPa","40.0","pmil","0","55.500","deg","20.000","°C","100.000","%a.s.","22.080","deg","20.000","°C","976.000","hPa","0.861","-0.02617","0.00035","0","0","13.56","Humid","69.95","1","60.00","284223.21","SABD0001000008","AAV1.0.0.11","2.1.0.443","PSt7-10","171011-002","6/6/2018 8:55:32 AM","1443-01","0","no battery","V"
"07/10/2018","11:53:33","2","default","726512009","O2","3.972","min","219.932","μmol/L","Humid","19.897","deg","149170","µV","25.933","°C","1013.000","hPa","40.0","pmil","0","55.500","deg","20.000","°C","100.000","%a.s.","22.080","deg","20.000","°C","976.000","hPa","0.861","-0.02617","0.00035","0","0","13.56","Humid","69.95","1","60.00","284225.53","SABD0001000008","AAV1.0.0.11","2.1.0.443","PSt7-10","171011-002","6/6/2018 8:55:32 AM","1443-01","0","no battery","V"
"07/10/2018","11:53:34","2","default","726512009","O2","3.988","min","220.024","μmol/L","Humid","19.894","deg","149166","µV","25.928","°C","1013.000","hPa","40.0","pmil","0","55.500","deg","20.000","°C","100.000","%a.s.","22.080","deg","20.000","°C","976.000","hPa","0.861","-0.02617","0.00035","0","0","13.56","Humid","69.95","1","60.00","284226.30","SABD0001000008","AAV1.0.0.11","2.1.0.443","PSt7-10","171011-002","6/6/2018 8:55:32 AM","1443-01","0","no battery","V"
"07/10/2018","11:53:35","2","default","726512009","O2","4.005","min","219.840","μmol/L","Humid","19.897","deg","149177","µV","25.948","°C","1013.000","hPa","40.0","pmil","0","55.500","deg","20.000","°C","100.000","%a.s.","22.080","deg","20.000","°C","976.000","hPa","0.861","-0.02617","0.00035","0","0","13.56","Humid","69.95","1","60.00","284219.53","SABD0001000008","AAV1.0.0.11","2.1.0.443","PSt7-10","171011-002","6/6/2018 8:55:32 AM","1443-01","0","no battery","V"
"07/10/2018","11:53:36","2","default","726512009","O2","4.022","min","219.883","μmol/L","Humid","19.898","deg","149190","µV","25.938","°C","1013.000","hPa","40.0","pmil","0","55.500","deg","20.000","°C","100.000","%a.s.","22.080","deg","20.000","°C","976.000","hPa","0.861","-0.02617","0.00035","0","0","13.56","Humid","69.95","1","60.00","284231.22","SABD0001000008","AAV1.0.0.11","2.1.0.443","PSt7-10","171011-002","6/6/2018 8:55:32 AM","1443-01","0","no battery","V"
"07/10/2018","11:53:37","2","default","726512009","O2","4.038","min","219.873","μmol/L","Humid","19.895","deg","149197","µV","25.949","°C","1013.000","hPa","40.0","pmil","0","55.500","deg","20.000","°C","100.000","%a.s.","22.080","deg","20.000","°C","976.000","hPa","0.861","-0.02617","0.00035","0","0","13.56","Humid","69.95","1","60.00","284208.29","SABD0001000008","AAV1.0.0.11","2.1.0.443","PSt7-10","171011-002","6/6/2018 8:55:32 AM","1443-01","0","no battery","V"
"07/10/2018","11:53:38","2","default","726512009","O2","4.055","min","219.747","μmol/L","Humid","19.901","deg","149200","µV","25.950","°C","1013.000","hPa","40.0","pmil","0","55.500","deg","20.000","°C","100.000","%a.s.","22.080","deg","20.000","°C","976.000","hPa","0.861","-0.02617","0.00035","0","0","13.56","Humid","69.95","1","60.00","284235.69","SABD0001000008","AAV1.0.0.11","2.1.0.443","PSt7-10","171011-002","6/6/2018 8:55:32 AM","1443-01","0","no battery","V"
"07/10/2018","11:53:39","2","default","726512009","O2","4.072","min","219.831","μmol/L","Humid","19.899","deg","149213","µV","25.943","°C","1013.000","hPa","40.0","pmil","0","55.500","deg","20.000","°C","100.000","%a.s.","22.080","deg","20.000","°C","976.000","hPa","0.861","-0.02617","0.00035","0","0","13.56","Humid","69.95","1","60.00","284226.94","SABD0001000008","AAV1.0.0.11","2.1.0.443","PSt7-10","171011-002","6/6/2018 8:55:32 AM","1443-01","0","no battery","V"
"07/10/2018","11:53:40","2","default","726512009","O2","4.088","min","219.902","μmol/L","Humid","19.898","deg","149212","µV","25.935","°C","1013.000","hPa","40.0","pmil","0","55.500","deg","20.000","°C","100.000","%a.s.","22.080","deg","20.000","°C","976.000","hPa","0.861","-0.02617","0.00035","0","0","13.56","Humid","69.95","1","60.00","284217.47","SABD0001000008","AAV1.0.0.11","2.1.0.443","PSt7-10","171011-002","6/6/2018 8:55:32 AM","1443-01","0","no battery","V"
"07/10/2018","11:53:41","2","default","726512009","O2","4.105","min","219.639","μmol/L","Humid","19.903","deg","149234","µV","25.960","°C","1013.000","hPa","40.0","pmil","0","55.500","deg","20.000","°C","100.000","%a.s.","22.080","deg","20.000","°C","976.000","hPa","0.861","-0.02617","0.00035","0","0","13.56","Humid","69.95","1","60.00","284233.71","SABD0001000008","AAV1.0.0.11","2.1.0.443","PSt7-10","171011-002","6/6/2018 8:55:32 AM","1443-01","0","no battery","V"
"07/10/2018","11:53:42","2","default","726512009","O2","4.122","min","219.701","μmol/L","Humid","19.900","deg","149242","µV","25.960","°C","1013.000","hPa","40.0","pmil","0","55.500","deg","20.000","°C","100.000","%a.s.","22.080","deg","20.000","°C","976.000","hPa","0.861","-0.02617","0.00035","0","0","13.56","Humid","69.95","1","60.00","284219.30","SABD0001000008","AAV1.0.0.11","2.1.0.443","PSt7-10","171011-002","6/6/2018 8:55:32 AM","1443-01","0","no battery","V"
"07/10/2018","11:53:43","2","default","726512009","O2","4.138","min","219.667","μmol/L","Humid","19.907","deg","149240","µV","25.943","°C","1013.000","hPa","40.0","pmil","0","55.500","deg","20.000","°C","100.000","%a.s.","22.080","deg","20.000","°C","976.000","hPa","0.861","-0.02617","0.00035","0","0","13.56","Humid","69.95","1","60.00","284214.78","SABD0001000008","AAV1.0.0.11","2.1.0.443","PSt7-10","171011-002","6/6/2018 8:55:32 AM","1443-01","0","no battery","V"
"07/10/2018","11:53:44","2","default","726512009","O2","4.156","min","219.735","μmol/L","Humid","19.904","deg","149259","µV","25.942","°C","1013.000","hPa","40.0","pmil","0","55.500","deg","20.000","°C","100.000","%a.s.","22.080","deg","20.000","°C","976.000","hPa","0.861","-0.02617","0.00035","0","0","13.56","Humid","69.95","1","60.00","284227.00","SABD0001000008","AAV1.0.0.11","2.1.0.443","PSt7-10","171011-002","6/6/2018 8:55:32 AM","1443-01","0","no battery","V"
"07/10/2018","11:53:45","2","default","726512009","O2","4.172","min","219.658","μmol/L","Humid","19.906","deg","149261","µV","25.948","°C","1013.000","hPa","40.0","pmil","0","55.500","deg","20.000","°C","100.000","%a.s.","22.080","deg","20.000","°C","976.000","hPa","0.861","-0.02617","0.00035","0","0","13.56","Humid","69.95","1","60.00","284226.77","SABD0001000008","AAV1.0.0.11","2.1.0.443","PSt7-10","171011-002","6/6/2018 8:55:32 AM","1443-01","0","no battery","V"
"07/10/2018","11:53:46","2","default","726512009","O2","4.188","min","219.657","μmol/L","Humid","19.905","deg","149268","µV","25.951","°C","1013.000","hPa","40.0","pmil","0","55.500","deg","20.000","°C","100.000","%a.s.","22.080","deg","20.000","°C","976.000","hPa","0.861","-0.02617","0.00035","0","0","13.56","Humid","69.95","1","60.00","284221.95","SABD0001000008","AAV1.0.0.11","2.1.0.443","PSt7-10","171011-002","6/6/2018 8:55:32 AM","1443-01","0","no battery","V"
"07/10/2018","11:53:47","2","default","726512009","O2","4.205","min","219.583","μmol/L","Humid","19.909","deg","149281","µV","25.950","°C","1013.000","hPa","40.0","pmil","0","55.500","deg","20.000","°C","100.000","%a.s.","22.080","deg","20.000","°C","976.000","hPa","0.861","-0.02617","0.00035","0","0","13.56","Humid","69.95","1","60.00","284224.02","SABD0001000008","AAV1.0.0.11","2.1.0.443","PSt7-10","171011-002","6/6/2018 8:55:32 AM","1443-01","0","no battery","V"
"07/10/2018","11:53:48","2","default","726512009","O2","4.222","min","219.646","μmol/L","Humid","19.908","deg","149283","µV","25.943","°C","1013.000","hPa","40.0","pmil","0","55.500","deg","20.000","°C","100.000","%a.s.","22.080","deg","20.000","°C","976.000","hPa","0.861","-0.02617","0.00035","0","0","13.56","Humid","69.95","1","60.00","284228.15","SABD0001000008","AAV1.0.0.11","2.1.0.443","PSt7-10","171011-002","6/6/2018 8:55:32 AM","1443-01","0","no battery","V"
"07/10/2018","11:53:49","2","default","726512009","O2","4.239","min","219.542","μmol/L","Humid","19.911","deg","149307","µV","25.950","°C","1013.000","hPa","40.0","pmil","0","55.500","deg","20.000","°C","100.000","%a.s.","22.080","deg","20.000","°C","976.000","hPa","0.861","-0.02617","0.00035","0","0","13.56","Humid","69.95","1","60.00","284233.41","SABD0001000008","AAV1.0.0.11","2.1.0.443","PSt7-10","171011-002","6/6/2018 8:55:32 AM","1443-01","0","no battery","V"
"07/10/2018","11:53:50","2","default","726512009","O2","4.256","min","219.562","μmol/L","Humid","19.911","deg","149310","µV","25.947","°C","1013.000","hPa","40.0","pmil","0","55.500","deg","20.000","°C","100.000","%a.s.","22.080","deg","20.000","°C","976.000","hPa","0.861","-0.02617","0.00035","0","0","13.56","Humid","69.95","1","60.00","284223.06","SABD0001000008","AAV1.0.0.11","2.1.0.443","PSt7-10","171011-002","6/6/2018 8:55:32 AM","1443-01","0","no battery","V"
"07/10/2018","11:53:51","2","default","726512009","O2","4.272","min","219.581","μmol/L","Humid","19.910","deg","149323","µV","25.947","°C","1013.000","hPa","40.0","pmil","0","55.500","deg","20.000","°C","100.000","%a.s.","22.080","deg","20.000","°C","976.000","hPa","0.861","-0.02617","0.00035","0","0","13.56","Humid","69.95","1","60.00","284225.67","SABD0001000008","AAV1.0.0.11","2.1.0.443","PSt7-10","171011-002","6/6/2018 8:55:32 AM","1443-01","0","no battery","V"
"07/10/2018","11:53:52","2","default","726512009","O2","4.289","min","219.506","μmol/L","Humid","19.914","deg","149318","µV","25.946","°C","1013.000","hPa","40.0","pmil","0","55.500","deg","20.000","°C","100.000","%a.s.","22.080","deg","20.000","°C","976.000","hPa","0.861","-0.02617","0.00035","0","0","13.56","Humid","69.95","1","60.00","284216.44","SABD0001000008","AAV1.0.0.11","2.1.0.443","PSt7-10","171011-002","6/6/2018 8:55:32 AM","1443-01","0","no battery","V"
"07/10/2018","11:53:53","2","default","726512009","O2","4.305","min","219.504","μmol/L","Humid","19.916","deg","149331","µV","25.941","°C","1013.000","hPa","40.0","pmil","0","55.500","deg","20.000","°C","100.000","%a.s.","22.080","deg","20.000","°C","976.000","hPa","0.861","-0.02617","0.00035","0","0","13.56","Humid","69.95","1","60.00","284208.52","SABD0001000008","AAV1.0.0.11","2.1.0.443","PSt7-10","171011-002","6/6/2018 8:55:32 AM","1443-01","0","no battery","V"
"07/10/2018","11:53:54","2","default","726512009","O2","4.322","min","219.503","μmol/L","Humid","19.915","deg","149344","µV","25.944","°C","1013.000","hPa","40.0","pmil","0","55.500","deg","20.000","°C","100.000","%a.s.","22.080","deg","20.000","°C","976.000","hPa","0.861","-0.02617","0.00035","0","0","13.56","Humid","69.95","1","60.00","284214.39","SABD0001000008","AAV1.0.0.11","2.1.0.443","PSt7-10","171011-002","6/6/2018 8:55:32 AM","1443-01","0","no battery","V"
"07/10/2018","11:53:55","2","default","726512009","O2","4.339","min","219.389","μmol/L","Humid","19.919","deg","149348","µV","25.949","°C","1013.000","hPa","40.0","pmil","0","55.500","deg","20.000","°C","100.000","%a.s.","22.080","deg","20.000","°C","976.000","hPa","0.861","-0.02617","0.00035","0","0","13.56","Humid","69.95","1","60.00","284215.47","SABD0001000008","AAV1.0.0.11","2.1.0.443","PSt7-10","171011-002","6/6/2018 8:55:32 AM","1443-01","0","no battery","V"
"07/10/2018","11:53:56","2","default","726512009","O2","4.355","min","219.421","μmol/L","Humid","19.918","deg","149354","µV","25.947","°C","1013.000","hPa","40.0","pmil","0","55.500","deg","20.000","°C","100.000","%a.s.","22.080","deg","20.000","°C","976.000","hPa","0.861","-0.02617","0.00035","0","0","13.56","Humid","69.95","1","60.00","284214.65","SABD0001000008","AAV1.0.0.11","2.1.0.443","PSt7-10","171011-002","6/6/2018 8:55:32 AM","1443-01","0","no battery","V"
"07/10/2018","11:53:57","2","default","726512009","O2","4.372","min","219.295","μmol/L","Humid","19.920","deg","149368","µV","25.961","°C","1013.000","hPa","40.0","pmil","0","55.500","deg","20.000","°C","100.000","%a.s.","22.080","deg","20.000","°C","976.000","hPa","0.861","-0.02617","0.00035","0","0","13.56","Humid","69.95","1","60.00","284213.50","SABD0001000008","AAV1.0.0.11","2.1.0.443","PSt7-10","171011-002","6/6/2018 8:55:32 AM","1443-01","0","no battery","V"
"07/10/2018","11:53:58","2","default","726512009","O2","4.388","min","219.307","μmol/L","Humid","19.923","deg","149374","µV","25.949","°C","1013.000","hPa","40.0","pmil","0","55.500","deg","20.000","°C","100.000","%a.s.","22.080","deg","20.000","°C","976.000","hPa","0.861","-0.02617","0.00035","0","0","13.56","Humid","69.95","1","60.00","284215.03","SABD0001000008","AAV1.0.0.11","2.1.0.443","PSt7-10","171011-002","6/6/2018 8:55:32 AM","1443-01","0","no battery","V"
"07/10/2018","11:53:59","2","default","726512009","O2","4.406","min","219.277","μmol/L","Humid","19.922","deg","149386","µV","25.957","°C","1013.000","hPa","40.0","pmil","0","55.500","deg","20.000","°C","100.000","%a.s.","22.080","deg","20.000","°C","976.000","hPa","0.861","-0.02617","0.00035","0","0","13.56","Humid","69.95","1","60.00","284199.69","SABD0001000008","AAV1.0.0.11","2.1.0.443","PSt7-10","171011-002","6/6/2018 8:55:32 AM","1443-01","0","no battery","V"
"07/10/2018","11:54:00","2","default","726512009","O2","4.422","min","219.287","μmol/L","Humid","19.923","deg","149393","µV","25.952","°C","1013.000","hPa","40.0","pmil","0","55.500","deg","20.000","°C","100.000","%a.s.","22.080","deg","20.000","°C","976.000","hPa","0.861","-0.02617","0.00035","0","0","13.56","Humid","69.95","1","60.00","284203.20","SABD0001000008","AAV1.0.0.11","2.1.0.443","PSt7-10","171011-002","6/6/2018 8:55:32 AM","1443-01","0","no battery","V"
"07/10/2018","11:54:01","2","default","726512009","O2","4.438","min","219.175","μmol/L","Humid","19.925","deg","149391","µV","25.964","°C","1013.000","hPa","40.0","pmil","0","55.500","deg","20.000","°C","100.000","%a.s.","22.080","deg","20.000","°C","976.000","hPa","0.861","-0.02617","0.00035","0","0","13.56","Humid","69.95","1","60.00","284201.02","SABD0001000008","AAV1.0.0.11","2.1.0.443","PSt7-10","171011-002","6/6/2018 8:55:32 AM","1443-01","0","no battery","V"
"07/10/2018","11:54:02","2","default","726512009","O2","4.456","min","219.226","μmol/L","Humid","19.924","deg","149409","µV","25.959","°C","1013.000","hPa","40.0","pmil","0","55.500","deg","20.000","°C","100.000","%a.s.","22.080","deg","20.000","°C","976.000","hPa","0.861","-0.02617","0.00035","0","0","13.56","Humid","69.95","1","60.00","284224.49","SABD0001000008","AAV1.0.0.11","2.1.0.443","PSt7-10","171011-002","6/6/2018 8:55:32 AM","1443-01","0","no battery","V"
"07/10/2018","11:54:03","2","default","726512009","O2","4.472","min","219.222","μmol/L","Humid","19.925","deg","149407","µV","25.956","°C","1013.000","hPa","40.0","pmil","0","55.500","deg","20.000","°C","100.000","%a.s.","22.080","deg","20.000","°C","976.000","hPa","0.861","-0.02617","0.00035","0","0","13.56","Humid","69.95","1","60.00","284202.65","SABD0001000008","AAV1.0.0.11","2.1.0.443","PSt7-10","171011-002","6/6/2018 8:55:32 AM","1443-01","0","no battery","V"
"07/10/2018","11:54:04","2","default","726512009","O2","4.489","min","219.259","μmol/L","Humid","19.927","deg","149421","µV","25.944","°C","1013.000","hPa","40.0","pmil","0","55.500","deg","20.000","°C","100.000","%a.s.","22.080","deg","20.000","°C","976.000","hPa","0.861","-0.02617","0.00035","0","0","13.56","Humid","69.95","1","60.00","284202.49","SABD0001000008","AAV1.0.0.11","2.1.0.443","PSt7-10","171011-002","6/6/2018 8:55:32 AM","1443-01","0","no battery","V"
"07/10/2018","11:54:05","2","default","726512009","O2","4.506","min","219.343","μmol/L","Humid","19.923","deg","149421","µV","25.944","°C","1013.000","hPa","40.0","pmil","0","55.500","deg","20.000","°C","100.000","%a.s.","22.080","deg","20.000","°C","976.000","hPa","0.861","-0.02617","0.00035","0","0","13.56","Humid","69.95","1","60.00","284198.73","SABD0001000008","AAV1.0.0.11","2.1.0.443","PSt7-10","171011-002","6/6/2018 8:55:32 AM","1443-01","0","no battery","V"
"07/10/2018","11:54:06","2","default","726512009","O2","4.522","min","219.169","μmol/L","Humid","19.931","deg","149429","µV","25.946","°C","1013.000","hPa","40.0","pmil","0","55.500","deg","20.000","°C","100.000","%a.s.","22.080","deg","20.000","°C","976.000","hPa","0.861","-0.02617","0.00035","0","0","13.56","Humid","69.95","1","60.00","284191.68","SABD0001000008","AAV1.0.0.11","2.1.0.443","PSt7-10","171011-002","6/6/2018 8:55:32 AM","1443-01","0","no battery","V"
"07/10/2018","11:54:07","2","default","726512009","O2","4.538","min","219.057","μmol/L","Humid","19.933","deg","149443","µV","25.957","°C","1013.000","hPa","40.0","pmil","0","55.500","deg","20.000","°C","100.000","%a.s.","22.080","deg","20.000","°C","976.000","hPa","0.861","-0.02617","0.00035","0","0","13.56","Humid","69.95","1","60.00","284204.42","SABD0001000008","AAV1.0.0.11","2.1.0.443","PSt7-10","171011-002","6/6/2018 8:55:32 AM","1443-01","0","no battery","V"
"07/10/2018","11:54:08","2","default","726512009","O2","4.555","min","219.044","μmol/L","Humid","19.933","deg","149447","µV","25.959","°C","1013.000","hPa","40.0","pmil","0","55.500","deg","20.000","°C","100.000","%a.s.","22.080","deg","20.000","°C","976.000","hPa","0.861","-0.02617","0.00035","0","0","13.56","Humid","69.95","1","60.00","284204.67","SABD0001000008","AAV1.0.0.11","2.1.0.443","PSt7-10","171011-002","6/6/2018 8:55:32 AM","1443-01","0","no battery","V"
"07/10/2018","11:54:09","2","default","726512009","O2","4.572","min","219.060","μmol/L","Humid","19.932","deg","149465","µV","25.960","°C","1013.000","hPa","40.0","pmil","0","55.500","deg","20.000","°C","100.000","%a.s.","22.080","deg","20.000","°C","976.000","hPa","0.861","-0.02617","0.00035","0","0","13.56","Humid","69.95","1","60.00","284193.67","SABD0001000008","AAV1.0.0.11","2.1.0.443","PSt7-10","171011-002","6/6/2018 8:55:32 AM","1443-01","0","no battery","V"
"07/10/2018","11:54:10","2","default","726512009","O2","4.589","min","219.074","μmol/L","Humid","19.931","deg","149461","µV","25.961","°C","1013.000","hPa","40.0","pmil","0","55.500","deg","20.000","°C","100.000","%a.s.","22.080","deg","20.000","°C","976.000","hPa","0.861","-0.02617","0.00035","0","0","13.56","Humid","69.95","1","60.00","284202.22","SABD0001000008","AAV1.0.0.11","2.1.0.443","PSt7-10","171011-002","6/6/2018 8:55:32 AM","1443-01","0","no battery","V"
"07/10/2018","11:54:11","2","default","726512009","O2","4.605","min","219.095","μmol/L","Humid","19.934","deg","149470","µV","25.948","°C","1013.000","hPa","40.0","pmil","0","55.500","deg","20.000","°C","100.000","%a.s.","22.080","deg","20.000","°C","976.000","hPa","0.861","-0.02617","0.00035","0","0","13.56","Humid","69.95","1","60.00","284195.52","SABD0001000008","AAV1.0.0.11","2.1.0.443","PSt7-10","171011-002","6/6/2018 8:55:32 AM","1443-01","0","no battery","V"
"07/10/2018","11:54:12","2","default","726512009","O2","4.622","min","219.102","μmol/L","Humid","19.933","deg","149485","µV","25.950","°C","1013.000","hPa","40.0","pmil","0","55.500","deg","20.000","°C","100.000","%a.s.","22.080","deg","20.000","°C","976.000","hPa","0.861","-0.02617","0.00035","0","0","13.56","Humid","69.95","1","60.00","284203.87","SABD0001000008","AAV1.0.0.11","2.1.0.443","PSt7-10","171011-002","6/6/2018 8:55:32 AM","1443-01","0","no battery","V"
"07/10/2018","11:54:13","2","default","726512009","O2","4.639","min","219.088","μmol/L","Humid","19.936","deg","149495","µV","25.943","°C","1013.000","hPa","40.0","pmil","0","55.500","deg","20.000","°C","100.000","%a.s.","22.080","deg","20.000","°C","976.000","hPa","0.861","-0.02617","0.00035","0","0","13.56","Humid","69.95","1","60.00","284206.46","SABD0001000008","AAV1.0.0.11","2.1.0.443","PSt7-10","171011-002","6/6/2018 8:55:32 AM","1443-01","0","no battery","V"
"07/10/2018","11:54:14","2","default","726512009","O2","4.655","min","219.153","μmol/L","Humid","19.934","deg","149502","µV","25.939","°C","1013.000","hPa","40.0","pmil","0","55.500","deg","20.000","°C","100.000","%a.s.","22.080","deg","20.000","°C","976.000","hPa","0.861","-0.02617","0.00035","0","0","13.56","Humid","69.95","1","60.00","284193.58","SABD0001000008","AAV1.0.0.11","2.1.0.443","PSt7-10","171011-002","6/6/2018 8:55:32 AM","1443-01","0","no battery","V"
"07/10/2018","11:54:15","2","default","726512009","O2","4.672","min","218.888","μmol/L","Humid","19.937","deg","149503","µV","25.971","°C","1013.000","hPa","40.0","pmil","0","55.500","deg","20.000","°C","100.000","%a.s.","22.080","deg","20.000","°C","976.000","hPa","0.861","-0.02617","0.00035","0","0","13.56","Humid","69.95","1","60.00","284185.70","SABD0001000008","AAV1.0.0.11","2.1.0.443","PSt7-10","171011-002","6/6/2018 8:55:32 AM","1443-01","0","no battery","V"
"07/10/2018","11:54:16","2","default","726512009","O2","4.688","min","218.838","μmol/L","Humid","19.941","deg","149512","µV","25.966","°C","1013.000","hPa","40.0","pmil","0","55.500","deg","20.000","°C","100.000","%a.s.","22.080","deg","20.000","°C","976.000","hPa","0.861","-0.02617","0.00035","0","0","13.56","Humid","69.95","1","60.00","284196.22","SABD0001000008","AAV1.0.0.11","2.1.0.443","PSt7-10","171011-002","6/6/2018 8:55:32 AM","1443-01","0","no battery","V"
"07/10/2018","11:54:17","2","default","726512009","O2","4.705","min","218.895","μmol/L","Humid","19.942","deg","149522","µV","25.954","°C","1013.000","hPa","40.0","pmil","0","55.500","deg","20.000","°C","100.000","%a.s.","22.080","deg","20.000","°C","976.000","hPa","0.861","-0.02617","0.00035","0","0","13.56","Humid","69.95","1","60.00","284197.17","SABD0001000008","AAV1.0.0.11","2.1.0.443","PSt7-10","171011-002","6/6/2018 8:55:32 AM","1443-01","0","no battery","V"
"07/10/2018","11:54:18","2","default","726512009","O2","4.722","min","218.840","μmol/L","Humid","19.940","deg","149539","µV","25.969","°C","1013.000","hPa","40.0","pmil","0","55.500","deg","20.000","°C","100.000","%a.s.","22.080","deg","20.000","°C","976.000","hPa","0.861","-0.02617","0.00035","0","0","13.56","Humid","69.95","1","60.00","284203.21","SABD0001000008","AAV1.0.0.11","2.1.0.443","PSt7-10","171011-002","6/6/2018 8:55:32 AM","1443-01","0","no battery","V"
"07/10/2018","11:54:19","2","default","726512009","O2","4.739","min","218.834","μmol/L","Humid","19.941","deg","149548","µV","25.967","°C","1013.000","hPa","40.0","pmil","0","55.500","deg","20.000","°C","100.000","%a.s.","22.080","deg","20.000","°C","976.000","hPa","0.861","-0.02617","0.00035","0","0","13.56","Humid","69.95","1","60.00","284189.00","SABD0001000008","AAV1.0.0.11","2.1.0.443","PSt7-10","171011-002","6/6/2018 8:55:32 AM","1443-01","0","no battery","V"
"07/10/2018","11:54:20","2","default","726512009","O2","4.756","min","218.845","μmol/L","Humid","19.944","deg","149555","µV","25.956","°C","1013.000","hPa","40.0","pmil","0","55.500","deg","20.000","°C","100.000","%a.s.","22.080","deg","20.000","°C","976.000","hPa","0.861","-0.02617","0.00035","0","0","13.56","Humid","69.95","1","60.00","284193.09","SABD0001000008","AAV1.0.0.11","2.1.0.443","PSt7-10","171011-002","6/6/2018 8:55:32 AM","1443-01","0","no battery","V"
"07/10/2018","11:54:21","2","default","726512009","O2","4.772","min","218.859","μmol/L","Humid","19.947","deg","149550","µV","25.944","°C","1013.000","hPa","40.0","pmil","0","55.500","deg","20.000","°C","100.000","%a.s.","22.080","deg","20.000","°C","976.000","hPa","0.861","-0.02617","0.00035","0","0","13.56","Humid","69.95","1","60.00","284188.72","SABD0001000008","AAV1.0.0.11","2.1.0.443","PSt7-10","171011-002","6/6/2018 8:55:32 AM","1443-01","0","no battery","V"
"07/10/2018","11:54:22","2","default","726512009","O2","4.788","min","218.940","μmol/L","Humid","19.943","deg","149569","µV","25.944","°C","1013.000","hPa","40.0","pmil","0","55.500","deg","20.000","°C","100.000","%a.s.","22.080","deg","20.000","°C","976.000","hPa","0.861","-0.02617","0.00035","0","0","13.56","Humid","69.95","1","60.00","284187.38","SABD0001000008","AAV1.0.0.11","2.1.0.443","PSt7-10","171011-002","6/6/2018 8:55:32 AM","1443-01","0","no battery","V"
"07/10/2018","11:54:23","2","default","726512009","O2","4.805","min","218.839","μmol/L","Humid","19.944","deg","149567","µV","25.957","°C","1013.000","hPa","40.0","pmil","0","55.500","deg","20.000","°C","100.000","%a.s.","22.080","deg","20.000","°C","976.000","hPa","0.861","-0.02617","0.00035","0","0","13.56","Humid","69.95","1","60.00","284185.94","SABD0001000008","AAV1.0.0.11","2.1.0.443","PSt7-10","171011-002","6/6/2018 8:55:32 AM","1443-01","0","no battery","V"
"07/10/2018","11:54:24","2","default","726512009","O2","4.822","min","218.612","μmol/L","Humid","19.954","deg","149585","µV","25.961","°C","1013.000","hPa","40.0","pmil","0","55.500","deg","20.000","°C","100.000","%a.s.","22.080","deg","20.000","°C","976.000","hPa","0.861","-0.02617","0.00035","0","0","13.56","Humid","69.95","1","60.00","284193.29","SABD0001000008","AAV1.0.0.11","2.1.0.443","PSt7-10","171011-002","6/6/2018 8:55:32 AM","1443-01","0","no battery","V"
"07/10/2018","11:54:25","2","default","726512009","O2","4.839","min","218.798","μmol/L","Humid","19.947","deg","149593","µV","25.954","°C","1013.000","hPa","40.0","pmil","0","55.500","deg","20.000","°C","100.000","%a.s.","22.080","deg","20.000","°C","976.000","hPa","0.861","-0.02617","0.00035","0","0","13.56","Humid","69.95","1","60.00","284186.11","SABD0001000008","AAV1.0.0.11","2.1.0.443","PSt7-10","171011-002","6/6/2018 8:55:32 AM","1443-01","0","no battery","V"
"07/10/2018","11:54:26","2","default","726512009","O2","4.855","min","218.795","μmol/L","Humid","19.948","deg","149591","µV","25.951","°C","1013.000","hPa","40.0","pmil","0","55.500","deg","20.000","°C","100.000","%a.s.","22.080","deg","20.000","°C","976.000","hPa","0.861","-0.02617","0.00035","0","0","13.56","Humid","69.95","1","60.00","284188.43","SABD0001000008","AAV1.0.0.11","2.1.0.443","PSt7-10","171011-002","6/6/2018 8:55:32 AM","1443-01","0","no battery","V"
"07/10/2018","11:54:27","2","default","726512009","O2","4.872","min","218.760","μmol/L","Humid","19.949","deg","149603","µV","25.954","°C","1013.000","hPa","40.0","pmil","0","55.500","deg","20.000","°C","100.000","%a.s.","22.080","deg","20.000","°C","976.000","hPa","0.861","-0.02617","0.00035","0","0","13.56","Humid","69.95","1","60.00","284182.86","SABD0001000008","AAV1.0.0.11","2.1.0.443","PSt7-10","171011-002","6/6/2018 8:55:32 AM","1443-01","0","no battery","V"
"07/10/2018","11:54:28","2","default","726512009","O2","4.888","min","218.724","μmol/L","Humid","19.953","deg","149610","µV","25.947","°C","1013.000","hPa","40.0","pmil","0","55.500","deg","20.000","°C","100.000","%a.s.","22.080","deg","20.000","°C","976.000","hPa","0.861","-0.02617","0.00035","0","0","13.56","Humid","69.95","1","60.00","284178.96","SABD0001000008","AAV1.0.0.11","2.1.0.443","PSt7-10","171011-002","6/6/2018 8:55:32 AM","1443-01","0","no battery","V"
"07/10/2018","11:54:29","2","default","726512009","O2","4.906","min","218.737","μmol/L","Humid","19.951","deg","149624","µV","25.951","°C","1013.000","hPa","40.0","pmil","0","55.500","deg","20.000","°C","100.000","%a.s.","22.080","deg","20.000","°C","976.000","hPa","0.861","-0.02617","0.00035","0","0","13.56","Humid","69.95","1","60.00","284176.67","SABD0001000008","AAV1.0.0.11","2.1.0.443","PSt7-10","171011-002","6/6/2018 8:55:32 AM","1443-01","0","no battery","V"
"07/10/2018","11:54:30","2","default","726512009","O2","4.922","min","218.733","μmol/L","Humid","19.953","deg","149633","µV","25.945","°C","1013.000","hPa","40.0","pmil","0","55.500","deg","20.000","°C","100.000","%a.s.","22.080","deg","20.000","°C","976.000","hPa","0.861","-0.02617","0.00035","0","0","13.56","Humid","69.95","1","60.00","284176.96","SABD0001000008","AAV1.0.0.11","2.1.0.443","PSt7-10","171011-002","6/6/2018 8:55:32 AM","1443-01","0","no battery","V"
"07/10/2018","11:54:31","2","default","726512009","O2","4.939","min","218.678","μmol/L","Humid","19.955","deg","149641","µV","25.948","°C","1013.000","hPa","40.0","pmil","0","55.500","deg","20.000","°C","100.000","%a.s.","22.080","deg","20.000","°C","976.000","hPa","0.861","-0.02617","0.00035","0","0","13.56","Humid","69.95","1","60.00","284177.21","SABD0001000008","AAV1.0.0.11","2.1.0.443","PSt7-10","171011-002","6/6/2018 8:55:32 AM","1443-01","0","no battery","V"
"07/10/2018","11:54:32","2","default","726512009","O2","4.955","min","218.671","μmol/L","Humid","19.955","deg","149653","µV","25.949","°C","1013.000","hPa","40.0","pmil","0","55.500","deg","20.000","°C","100.000","%a.s.","22.080","deg","20.000","°C","976.000","hPa","0.861","-0.02617","0.00035","0","0","13.56","Humid","69.95","1","60.00","284174.11","SABD0001000008","AAV1.0.0.11","2.1.0.443","PSt7-10","171011-002","6/6/2018 8:55:32 AM","1443-01","0","no battery","V"
"07/10/2018","11:54:33","2","default","726512009","O2","4.972","min","218.623","μmol/L","Humid","19.959","deg","149654","µV","25.944","°C","1013.000","hPa","40.0","pmil","0","55.500","deg","20.000","°C","100.000","%a.s.","22.080","deg","20.000","°C","976.000","hPa","0.861","-0.02617","0.00035","0","0","13.56","Humid","69.95","1","60.00","284161.40","SABD0001000008","AAV1.0.0.11","2.1.0.443","PSt7-10","171011-002","6/6/2018 8:55:32 AM","1443-01","0","no battery","V"
"07/10/2018","11:54:34","2","default","726512009","O2","4.988","min","218.476","μmol/L","Humid","19.959","deg","149660","µV","25.967","°C","1013.000","hPa","40.0","pmil","0","55.500","deg","20.000","°C","100.000","%a.s.","22.080","deg","20.000","°C","976.000","hPa","0.861","-0.02617","0.00035","0","0","13.56","Humid","69.95","1","60.00","284168.88","SABD0001000008","AAV1.0.0.11","2.1.0.443","PSt7-10","171011-002","6/6/2018 8:55:32 AM","1443-01","0","no battery","V"
"07/10/2018","11:54:35","2","default","726512009","O2","5.005","min","218.487","μmol/L","Humid","19.957","deg","149669","µV","25.971","°C","1013.000","hPa","40.0","pmil","0","55.500","deg","20.000","°C","100.000","%a.s.","22.080","deg","20.000","°C","976.000","hPa","0.861","-0.02617","0.00035","0","0","13.56","Humid","69.95","1","60.00","284163.03","SABD0001000008","AAV1.0.0.11","2.1.0.443","PSt7-10","171011-002","6/6/2018 8:55:32 AM","1443-01","0","no battery","V"
"07/10/2018","11:54:36","2","default","726512009","O2","5.022","min","218.353","μmol/L","Humid","19.963","deg","149683","µV","25.973","°C","1013.000","hPa","40.0","pmil","0","55.500","deg","20.000","°C","100.000","%a.s.","22.080","deg","20.000","°C","976.000","hPa","0.861","-0.02617","0.00035","0","0","13.56","Humid","69.95","1","60.00","284174.43","SABD0001000008","AAV1.0.0.11","2.1.0.443","PSt7-10","171011-002","6/6/2018 8:55:32 AM","1443-01","0","no battery","V"
"07/10/2018","11:54:37","2","default","726512009","O2","5.038","min","218.502","μmol/L","Humid","19.960","deg","149686","µV","25.960","°C","1013.000","hPa","40.0","pmil","0","55.500","deg","20.000","°C","100.000","%a.s.","22.080","deg","20.000","°C","976.000","hPa","0.861","-0.02617","0.00035","0","0","13.56","Humid","69.95","1","60.00","284170.92","SABD0001000008","AAV1.0.0.11","2.1.0.443","PSt7-10","171011-002","6/6/2018 8:55:32 AM","1443-01","0","no battery","V"
"07/10/2018","11:54:38","2","default","726512009","O2","5.055","min","218.432","μmol/L","Humid","19.963","deg","149688","µV","25.961","°C","1013.000","hPa","40.0","pmil","0","55.500","deg","20.000","°C","100.000","%a.s.","22.080","deg","20.000","°C","976.000","hPa","0.861","-0.02617","0.00035","0","0","13.56","Humid","69.95","1","60.00","284176.74","SABD0001000008","AAV1.0.0.11","2.1.0.443","PSt7-10","171011-002","6/6/2018 8:55:32 AM","1443-01","0","no battery","V"
"07/10/2018","11:54:39","2","default","726512009","O2","5.072","min","218.408","μmol/L","Humid","19.965","deg","149697","µV","25.959","°C","1013.000","hPa","40.0","pmil","0","55.500","deg","20.000","°C","100.000","%a.s.","22.080","deg","20.000","°C","976.000","hPa","0.861","-0.02617","0.00035","0","0","13.56","Humid","69.95","1","60.00","284162.61","SABD0001000008","AAV1.0.0.11","2.1.0.443","PSt7-10","171011-002","6/6/2018 8:55:32 AM","1443-01","0","no battery","V"
"07/10/2018","11:54:40","2","default","726512009","O2","5.089","min","218.426","μmol/L","Humid","19.967","deg","149718","µV","25.950","°C","1013.000","hPa","40.0","pmil","0","55.500","deg","20.000","°C","100.000","%a.s.","22.080","deg","20.000","°C","976.000","hPa","0.861","-0.02617","0.00035","0","0","13.56","Humid","69.95","1","60.00","284172.99","SABD0001000008","AAV1.0.0.11","2.1.0.443","PSt7-10","171011-002","6/6/2018 8:55:32 AM","1443-01","0","no battery","V"
"07/10/2018","11:54:41","2","default","726512009","O2","5.105","min","218.397","μmol/L","Humid","19.966","deg","149722","µV","25.957","°C","1013.000","hPa","40.0","pmil","0","55.500","deg","20.000","°C","100.000","%a.s.","22.080","deg","20.000","°C","976.000","hPa","0.861","-0.02617","0.00035","0","0","13.56","Humid","69.95","1","60.00","284173.73","SABD0001000008","AAV1.0.0.11","2.1.0.443","PSt7-10","171011-002","6/6/2018 8:55:32 AM","1443-01","0","no battery","V"
"07/10/2018","11:54:42","2","default","726512009","O2","5.122","min","218.365","μmol/L","Humid","19.968","deg","149725","µV","25.956","°C","1013.000","hPa","40.0","pmil","0","55.500","deg","20.000","°C","100.000","%a.s.","22.080","deg","20.000","°C","976.000","hPa","0.861","-0.02617","0.00035","0","0","13.56","Humid","69.95","1","60.00","284166.07","SABD0001000008","AAV1.0.0.11","2.1.0.443","PSt7-10","171011-002","6/6/2018 8:55:32 AM","1443-01","0","no battery","V"
"07/10/2018","11:54:43","2","default","726512009","O2","5.139","min","218.361","μmol/L","Humid","19.965","deg","149728","µV","25.966","°C","1013.000","hPa","40.0","pmil","0","55.500","deg","20.000","°C","100.000","%a.s.","22.080","deg","20.000","°C","976.000","hPa","0.861","-0.02617","0.00035","0","0","13.56","Humid","69.95","1","60.00","284160.43","SABD0001000008","AAV1.0.0.11","2.1.0.443","PSt7-10","171011-002","6/6/2018 8:55:32 AM","1443-01","0","no battery","V"
"07/10/2018","11:54:44","2","default","726512009","O2","5.155","min","218.352","μmol/L","Humid","19.968","deg","149743","µV","25.958","°C","1013.000","hPa","40.0","pmil","0","55.500","deg","20.000","°C","100.000","%a.s.","22.080","deg","20.000","°C","976.000","hPa","0.861","-0.02617","0.00035","0","0","13.56","Humid","69.95","1","60.00","284165.49","SABD0001000008","AAV1.0.0.11","2.1.0.443","PSt7-10","171011-002","6/6/2018 8:55:32 AM","1443-01","0","no battery","V"
"07/10/2018","11:54:45","2","default","726512009","O2","5.172","min","218.359","μmol/L","Humid","19.968","deg","149750","µV","25.957","°C","1013.000","hPa","40.0","pmil","0","55.500","deg","20.000","°C","100.000","%a.s.","22.080","deg","20.000","°C","976.000","hPa","0.861","-0.02617","0.00035","0","0","13.56","Humid","69.95","1","60.00","284170.95","SABD0001000008","AAV1.0.0.11","2.1.0.443","PSt7-10","171011-002","6/6/2018 8:55:32 AM","1443-01","0","no battery","V"
"07/10/2018","11:54:46","2","default","726512009","O2","5.189","min","218.325","μmol/L","Humid","19.971","deg","149755","µV","25.953","°C","1013.000","hPa","40.0","pmil","0","55.500","deg","20.000","°C","100.000","%a.s.","22.080","deg","20.000","°C","976.000","hPa","0.861","-0.02617","0.00035","0","0","13.56","Humid","69.95","1","60.00","284188.61","SABD0001000008","AAV1.0.0.11","2.1.0.443","PSt7-10","171011-002","6/6/2018 8:55:32 AM","1443-01","0","no battery","V"
"07/10/2018","11:54:47","2","default","726512009","O2","5.205","min","218.263","μmol/L","Humid","19.972","deg","149769","µV","25.960","°C","1013.000","hPa","40.0","pmil","0","55.500","deg","20.000","°C","100.000","%a.s.","22.080","deg","20.000","°C","976.000","hPa","0.861","-0.02617","0.00035","0","0","13.56","Humid","69.95","1","60.00","284170.60","SABD0001000008","AAV1.0.0.11","2.1.0.443","PSt7-10","171011-002","6/6/2018 8:55:32 AM","1443-01","0","no battery","V"
"07/10/2018","11:54:48","2","default","726512009","O2","5.222","min","218.320","μmol/L","Humid","19.972","deg","149773","µV","25.951","°C","1013.000","hPa","40.0","pmil","0","55.500","deg","20.000","°C","100.000","%a.s.","22.080","deg","20.000","°C","976.000","hPa","0.861","-0.02617","0.00035","0","0","13.56","Humid","69.95","1","60.00","284172.83","SABD0001000008","AAV1.0.0.11","2.1.0.443","PSt7-10","171011-002","6/6/2018 8:55:32 AM","1443-01","0","no battery","V"
"07/10/2018","11:54:49","2","default","726512009","O2","5.239","min","218.272","μmol/L","Humid","19.972","deg","149780","µV","25.958","°C","1013.000","hPa","40.0","pmil","0","55.500","deg","20.000","°C","100.000","%a.s.","22.080","deg","20.000","°C","976.000","hPa","0.861","-0.02617","0.00035","0","0","13.56","Humid","69.95","1","60.00","284166.48","SABD0001000008","AAV1.0.0.11","2.1.0.443","PSt7-10","171011-002","6/6/2018 8:55:32 AM","1443-01","0","no battery","V"
"07/10/2018","11:54:50","2","default","726512009","O2","5.255","min","218.230","μmol/L","Humid","19.977","deg","149792","µV","25.949","°C","1013.000","hPa","40.0","pmil","0","55.500","deg","20.000","°C","100.000","%a.s.","22.080","deg","20.000","°C","976.000","hPa","0.861","-0.02617","0.00035","0","0","13.56","Humid","69.95","1","60.00","284168.53","SABD0001000008","AAV1.0.0.11","2.1.0.443","PSt7-10","171011-002","6/6/2018 8:55:32 AM","1443-01","0","no battery","V"
"07/10/2018","11:54:51","2","default","726512009","O2","5.272","min","218.270","μmol/L","Humid","19.977","deg","149802","µV","25.943","°C","1013.000","hPa","40.0","pmil","0","55.500","deg","20.000","°C","100.000","%a.s.","22.080","deg","20.000","°C","976.000","hPa","0.861","-0.02617","0.00035","0","0","13.56","Humid","69.95","1","60.00","284176.59","SABD0001000008","AAV1.0.0.11","2.1.0.443","PSt7-10","171011-002","6/6/2018 8:55:32 AM","1443-01","0","no battery","V"
"07/10/2018","11:54:52","2","default","726512009","O2","5.289","min","218.309","μmol/L","Humid","19.976","deg","149805","µV","25.940","°C","1013.000","hPa","40.0","pmil","0","55.500","deg","20.000","°C","100.000","%a.s.","22.080","deg","20.000","°C","976.000","hPa","0.861","-0.02617","0.00035","0","0","13.56","Humid","69.95","1","60.00","284171.23","SABD0001000008","AAV1.0.0.11","2.1.0.443","PSt7-10","171011-002","6/6/2018 8:55:32 AM","1443-01","0","no battery","V"
"07/10/2018","11:54:53","2","default","726512009","O2","5.306","min","218.221","μmol/L","Humid","19.977","deg","149813","µV","25.951","°C","1013.000","hPa","40.0","pmil","0","55.500","deg","20.000","°C","100.000","%a.s.","22.080","deg","20.000","°C","976.000","hPa","0.861","-0.02617","0.00035","0","0","13.56","Humid","69.95","1","60.00","284170.60","SABD0001000008","AAV1.0.0.11","2.1.0.443","PSt7-10","171011-002","6/6/2018 8:55:32 AM","1443-01","0","no battery","V"
"07/10/2018","11:54:54","2","default","726512009","O2","5.322","min","218.194","μmol/L","Humid","19.976","deg","149815","µV","25.958","°C","1013.000","hPa","40.0","pmil","0","55.500","deg","20.000","°C","100.000","%a.s.","22.080","deg","20.000","°C","976.000","hPa","0.861","-0.02617","0.00035","0","0","13.56","Humid","69.95","1","60.00","284167.33","SABD0001000008","AAV1.0.0.11","2.1.0.443","PSt7-10","171011-002","6/6/2018 8:55:32 AM","1443-01","0","no battery","V"
"07/10/2018","11:54:55","2","default","726512009","O2","5.338","min","218.160","μmol/L","Humid","19.975","deg","149822","µV","25.966","°C","1013.000","hPa","40.0","pmil","0","55.500","deg","20.000","°C","100.000","%a.s.","22.080","deg","20.000","°C","976.000","hPa","0.861","-0.02617","0.00035","0","0","13.56","Humid","69.95","1","60.00","284167.24","SABD0001000008","AAV1.0.0.11","2.1.0.443","PSt7-10","171011-002","6/6/2018 8:55:32 AM","1443-01","0","no battery","V"
"07/10/2018","11:54:56","2","default","726512009","O2","5.355","min","218.120","μmol/L","Humid","19.979","deg","149827","µV","25.960","°C","1013.000","hPa","40.0","pmil","0","55.500","deg","20.000","°C","100.000","%a.s.","22.080","deg","20.000","°C","976.000","hPa","0.861","-0.02617","0.00035","0","0","13.56","Humid","69.95","1","60.00","284159.64","SABD0001000008","AAV1.0.0.11","2.1.0.443","PSt7-10","171011-002","6/6/2018 8:55:32 AM","1443-01","0","no battery","V"
"07/10/2018","11:54:57","2","default","726512009","O2","5.372","min","218.112","μmol/L","Humid","19.980","deg","149827","µV","25.958","°C","1013.000","hPa","40.0","pmil","0","55.500","deg","20.000","°C","100.000","%a.s.","22.080","deg","20.000","°C","976.000","hPa","0.861","-0.02617","0.00035","0","0","13.56","Humid","69.95","1","60.00","284168.78","SABD0001000008","AAV1.0.0.11","2.1.0.443","PSt7-10","171011-002","6/6/2018 8:55:32 AM","1443-01","0","no battery","V"
"07/10/2018","11:54:58","2","default","726512009","O2","5.389","min","218.134","μmol/L","Humid","19.980","deg","149842","µV","25.955","°C","1013.000","hPa","40.0","pmil","0","55.500","deg","20.000","°C","100.000","%a.s.","22.080","deg","20.000","°C","976.000","hPa","0.861","-0.02617","0.00035","0","0","13.56","Humid","69.95","1","60.00","284181.15","SABD0001000008","AAV1.0.0.11","2.1.0.443","PSt7-10","171011-002","6/6/2018 8:55:32 AM","1443-01","0","no battery","V"
"07/10/2018","11:54:59","2","default","726512009","O2","5.406","min","218.042","μmol/L","Humid","19.980","deg","149849","µV","25.969","°C","1013.000","hPa","40.0","pmil","0","55.500","deg","20.000","°C","100.000","%a.s.","22.080","deg","20.000","°C","976.000","hPa","0.861","-0.02617","0.00035","0","0","13.56","Humid","69.95","1","60.00","284177.17","SABD0001000008","AAV1.0.0.11","2.1.0.443","PSt7-10","171011-002","6/6/2018 8:55:32 AM","1443-01","0","no battery","V"
"07/10/2018","11:55:00","2","default","726512009","O2","5.422","min","218.050","μmol/L","Humid","19.982","deg","149861","µV","25.962","°C","1013.000","hPa","40.0","pmil","0","55.500","deg","20.000","°C","100.000","%a.s.","22.080","deg","20.000","°C","976.000","hPa","0.861","-0.02617","0.00035","0","0","13.56","Humid","69.95","1","60.00","284178.97","SABD0001000008","AAV1.0.0.11","2.1.0.443","PSt7-10","171011-002","6/6/2018 8:55:32 AM","1443-01","0","no battery","V"
"07/10/2018","11:55:01","2","default","726512009","O2","5.438","min","218.019","μmol/L","Humid","19.982","deg","149855","µV","25.967","°C","1013.000","hPa","40.0","pmil","0","55.500","deg","20.000","°C","100.000","%a.s.","22.080","deg","20.000","°C","976.000","hPa","0.861","-0.02617","0.00035","0","0","13.56","Humid","69.95","1","60.00","284164.32","SABD0001000008","AAV1.0.0.11","2.1.0.443","PSt7-10","171011-002","6/6/2018 8:55:32 AM","1443-01","0","no battery","V"
"07/10/2018","11:55:02","2","default","726512009","O2","5.455","min","218.028","μmol/L","Humid","19.982","deg","149873","µV","25.965","°C","1013.000","hPa","40.0","pmil","0","55.500","deg","20.000","°C","100.000","%a.s.","22.080","deg","20.000","°C","976.000","hPa","0.861","-0.02617","0.00035","0","0","13.56","Humid","69.95","1","60.00","284174.48","SABD0001000008","AAV1.0.0.11","2.1.0.443","PSt7-10","171011-002","6/6/2018 8:55:32 AM","1443-01","0","no battery","V"
"07/10/2018","11:55:03","2","default","726512009","O2","5.472","min","218.007","μmol/L","Humid","19.985","deg","149876","µV","25.959","°C","1013.000","hPa","40.0","pmil","0","55.500","deg","20.000","°C","100.000","%a.s.","22.080","deg","20.000","°C","976.000","hPa","0.861","-0.02617","0.00035","0","0","13.56","Humid","69.95","1","60.00","284166.66","SABD0001000008","AAV1.0.0.11","2.1.0.443","PSt7-10","171011-002","6/6/2018 8:55:32 AM","1443-01","0","no battery","V"
"07/10/2018","11:55:04","2","default","726512009","O2","5.489","min","217.876","μmol/L","Humid","19.989","deg","149894","µV","25.967","°C","1013.000","hPa","40.0","pmil","0","55.500","deg","20.000","°C","100.000","%a.s.","22.080","deg","20.000","°C","976.000","hPa","0.861","-0.02617","0.00035","0","0","13.56","Humid","69.95","1","60.00","284161.37","SABD0001000008","AAV1.0.0.11","2.1.0.443","PSt7-10","171011-002","6/6/2018 8:55:32 AM","1443-01","0","no battery","V"
"07/10/2018","11:55:05","2","default","726512009","O2","5.505","min","217.842","μmol/L","Humid","19.991","deg","149892","µV","25.966","°C","1013.000","hPa","40.0","pmil","0","55.500","deg","20.000","°C","100.000","%a.s.","22.080","deg","20.000","°C","976.000","hPa","0.861","-0.02617","0.00035","0","0","13.56","Humid","69.95","1","60.00","284154.79","SABD0001000008","AAV1.0.0.11","2.1.0.443","PSt7-10","171011-002","6/6/2018 8:55:32 AM","1443-01","0","no battery","V"
"07/10/2018","11:55:06","2","default","726512009","O2","5.522","min","217.965","μmol/L","Humid","19.987","deg","149908","µV","25.959","°C","1013.000","hPa","40.0","pmil","0","55.500","deg","20.000","°C","100.000","%a.s.","22.080","deg","20.000","°C","976.000","hPa","0.861","-0.02617","0.00035","0","0","13.56","Humid","69.95","1","60.00","284170.23","SABD0001000008","AAV1.0.0.11","2.1.0.443","PSt7-10","171011-002","6/6/2018 8:55:32 AM","1443-01","0","no battery","V"
"07/10/2018","11:55:07","2","default","726512009","O2","5.539","min","217.870","μmol/L","Humid","19.990","deg","149911","µV","25.965","°C","1013.000","hPa","40.0","pmil","0","55.500","deg","20.000","°C","100.000","%a.s.","22.080","deg","20.000","°C","976.000","hPa","0.861","-0.02617","0.00035","0","0","13.56","Humid","69.95","1","60.00","284173.19","SABD0001000008","AAV1.0.0.11","2.1.0.443","PSt7-10","171011-002","6/6/2018 8:55:32 AM","1443-01","0","no battery","V"
"07/10/2018","11:55:08","2","default","726512009","O2","5.555","min","217.779","μmol/L","Humid","19.993","deg","149916","µV","25.970","°C","1013.000","hPa","40.0","pmil","0","55.500","deg","20.000","°C","100.000","%a.s.","22.080","deg","20.000","°C","976.000","hPa","0.861","-0.02617","0.00035","0","0","13.56","Humid","69.95","1","60.00","284165.53","SABD0001000008","AAV1.0.0.11","2.1.0.443","PSt7-10","171011-002","6/6/2018 8:55:32 AM","1443-01","0","no battery","V"
"07/10/2018","11:55:09","2","default","726512009","O2","5.572","min","217.797","μmol/L","Humid","19.992","deg","149931","µV","25.970","°C","1013.000","hPa","40.0","pmil","0","55.500","deg","20.000","°C","100.000","%a.s.","22.080","deg","20.000","°C","976.000","hPa","0.861","-0.02617","0.00035","0","0","13.56","Humid","69.95","1","60.00","284157.97","SABD0001000008","AAV1.0.0.11","2.1.0.443","PSt7-10","171011-002","6/6/2018 8:55:32 AM","1443-01","0","no battery","V"
"07/10/2018","11:55:10","2","default","726512009","O2","5.588","min","217.887","μmol/L","Humid","19.994","deg","149942","µV","25.950","°C","1013.000","hPa","40.0","pmil","0","55.500","deg","20.000","°C","100.000","%a.s.","22.080","deg","20.000","°C","976.000","hPa","0.861","-0.02617","0.00035","0","0","13.56","Humid","69.95","1","60.00","284154.64","SABD0001000008","AAV1.0.0.11","2.1.0.443","PSt7-10","171011-002","6/6/2018 8:55:32 AM","1443-01","0","no battery","V"
"07/10/2018","11:55:11","2","default","726512009","O2","5.606","min","217.808","μmol/L","Humid","19.999","deg","149941","µV","25.947","°C","1013.000","hPa","40.0","pmil","0","55.500","deg","20.000","°C","100.000","%a.s.","22.080","deg","20.000","°C","976.000","hPa","0.861","-0.02617","0.00035","0","0","13.56","Humid","69.95","1","60.00","284153.26","SABD0001000008","AAV1.0.0.11","2.1.0.443","PSt7-10","171011-002","6/6/2018 8:55:32 AM","1443-01","0","no battery","V"
"07/10/2018","11:55:12","2","default","726512009","O2","5.622","min","217.595","μmol/L","Humid","20.000","deg","149951","µV","25.977","°C","1013.000","hPa","40.0","pmil","0","55.500","deg","20.000","°C","100.000","%a.s.","22.080","deg","20.000","°C","976.000","hPa","0.861","-0.02617","0.00035","0","0","13.56","Humid","69.95","1","60.00","284154.82","SABD0001000008","AAV1.0.0.11","2.1.0.443","PSt7-10","171011-002","6/6/2018 8:55:32 AM","1443-01","0","no battery","V"
"07/10/2018","11:55:13","2","default","726512009","O2","5.639","min","217.649","μmol/L","Humid","19.996","deg","149957","µV","25.981","°C","1013.000","hPa","40.0","pmil","0","55.500","deg","20.000","°C","100.000","%a.s.","22.080","deg","20.000","°C","976.000","hPa","0.861","-0.02617","0.00035","0","0","13.56","Humid","69.95","1","60.00","284162.91","SABD0001000008","AAV1.0.0.11","2.1.0.443","PSt7-10","171011-002","6/6/2018 8:55:32 AM","1443-01","0","no battery","V"
"07/10/2018","11:55:14","2","default","726512009","O2","5.655","min","217.601","μmol/L","Humid","20.000","deg","149960","µV","25.976","°C","1013.000","hPa","40.0","pmil","0","55.500","deg","20.000","°C","100.000","%a.s.","22.080","deg","20.000","°C","976.000","hPa","0.861","-0.02617","0.00035","0","0","13.56","Humid","69.95","1","60.00","284157.84","SABD0001000008","AAV1.0.0.11","2.1.0.443","PSt7-10","171011-002","6/6/2018 8:55:32 AM","1443-01","0","no battery","V"
"07/10/2018","11:55:15","2","default","726512009","O2","5.672","min","217.686","μmol/L","Humid","19.999","deg","149965","µV","25.966","°C","1013.000","hPa","40.0","pmil","0","55.500","deg","20.000","°C","100.000","%a.s.","22.080","deg","20.000","°C","976.000","hPa","0.861","-0.02617","0.00035","0","0","13.56","Humid","69.95","1","60.00","284149.72","SABD0001000008","AAV1.0.0.11","2.1.0.443","PSt7-10","171011-002","6/6/2018 8:55:32 AM","1443-01","0","no battery","V"
"07/10/2018","11:55:16","2","default","726512009","O2","5.689","min","217.663","μmol/L","Humid","19.998","deg","149987","µV","25.973","°C","1013.000","hPa","40.0","pmil","0","55.500","deg","20.000","°C","100.000","%a.s.","22.080","deg","20.000","°C","976.000","hPa","0.861","-0.02617","0.00035","0","0","13.56","Humid","69.95","1","60.00","284162.39","SABD0001000008","AAV1.0.0.11","2.1.0.443","PSt7-10","171011-002","6/6/2018 8:55:32 AM","1443-01","0","no battery","V"
"07/10/2018","11:55:17","2","default","726512009","O2","5.705","min","217.697","μmol/L","Humid","19.999","deg","149995","µV","25.964","°C","1013.000","hPa","40.0","pmil","0","55.500","deg","20.000","°C","100.000","%a.s.","22.080","deg","20.000","°C","976.000","hPa","0.861","-0.02617","0.00035","0","0","13.56","Humid","69.95","1","60.00","284147.07","SABD0001000008","AAV1.0.0.11","2.1.0.443","PSt7-10","171011-002","6/6/2018 8:55:32 AM","1443-01","0","no battery","V"
"07/10/2018","11:55:18","2","default","726512009","O2","5.722","min","217.610","μmol/L","Humid","20.002","deg","149994","µV","25.968","°C","1013.000","hPa","40.0","pmil","0","55.500","deg","20.000","°C","100.000","%a.s.","22.080","deg","20.000","°C","976.000","hPa","0.861","-0.02617","0.00035","0","0","13.56","Humid","69.95","1","60.00","284148.86","SABD0001000008","AAV1.0.0.11","2.1.0.443","PSt7-10","171011-002","6/6/2018 8:55:32 AM","1443-01","0","no battery","V"
"07/10/2018","11:55:19","2","default","726512009","O2","5.739","min","217.670","μmol/L","Humid","20.002","deg","150003","µV","25.959","°C","1013.000","hPa","40.0","pmil","0","55.500","deg","20.000","°C","100.000","%a.s.","22.080","deg","20.000","°C","976.000","hPa","0.861","-0.02617","0.00035","0","0","13.56","Humid","69.95","1","60.00","284161.87","SABD0001000008","AAV1.0.0.11","2.1.0.443","PSt7-10","171011-002","6/6/2018 8:55:32 AM","1443-01","0","no battery","V"
"07/10/2018","11:55:20","2","default","726512009","O2","5.755","min","217.731","μmol/L","Humid","20.004","deg","150025","µV","25.943","°C","1013.000","hPa","40.0","pmil","0","55.500","deg","20.000","°C","100.000","%a.s.","22.080","deg","20.000","°C","976.000","hPa","0.861","-0.02617","0.00035","0","0","13.56","Humid","69.95","1","60.00","284169.79","SABD0001000008","AAV1.0.0.11","2.1.0.443","PSt7-10","171011-002","6/6/2018 8:55:32 AM","1443-01","0","no battery","V"
"07/10/2018","11:55:21","2","default","726512009","O2","5.772","min","217.558","μmol/L","Humid","20.006","deg","150032","µV","25.964","°C","1013.000","hPa","40.0","pmil","0","55.500","deg","20.000","°C","100.000","%a.s.","22.080","deg","20.000","°C","976.000","hPa","0.861","-0.02617","0.00035","0","0","13.56","Humid","69.95","1","60.00","284164.31","SABD0001000008","AAV1.0.0.11","2.1.0.443","PSt7-10","171011-002","6/6/2018 8:55:32 AM","1443-01","0","no battery","V"
"07/10/2018","11:55:22","2","default","726512009","O2","5.788","min","217.543","μmol/L","Humid","20.006","deg","150038","µV","25.966","°C","1013.000","hPa","40.0","pmil","0","55.500","deg","20.000","°C","100.000","%a.s.","22.080","deg","20.000","°C","976.000","hPa","0.861","-0.02617","0.00035","0","0","13.56","Humid","69.95","1","60.00","284170.01","SABD0001000008","AAV1.0.0.11","2.1.0.443","PSt7-10","171011-002","6/6/2018 8:55:32 AM","1443-01","0","no battery","V"
"07/10/2018","11:55:23","2","default","726512009","O2","5.805","min","217.508","μmol/L","Humid","20.006","deg","150046","µV","25.972","°C","1013.000","hPa","40.0","pmil","0","55.500","deg","20.000","°C","100.000","%a.s.","22.080","deg","20.000","°C","976.000","hPa","0.861","-0.02617","0.00035","0","0","13.56","Humid","69.95","1","60.00","284152.16","SABD0001000008","AAV1.0.0.11","2.1.0.443","PSt7-10","171011-002","6/6/2018 8:55:32 AM","1443-01","0","no battery","V"
"07/10/2018","11:55:24","2","default","726512009","O2","5.822","min","217.591","μmol/L","Humid","20.007","deg","150051","µV","25.956","°C","1013.000","hPa","40.0","pmil","0","55.500","deg","20.000","°C","100.000","%a.s.","22.080","deg","20.000","°C","976.000","hPa","0.861","-0.02617","0.00035","0","0","13.56","Humid","69.95","1","60.00","284159.77","SABD0001000008","AAV1.0.0.11","2.1.0.443","PSt7-10","171011-002","6/6/2018 8:55:32 AM","1443-01","0","no battery","V"
"07/10/2018","11:55:25","2","default","726512009","O2","5.839","min","217.545","μmol/L","Humid","20.007","deg","150065","µV","25.963","°C","1013.000","hPa","40.0","pmil","0","55.500","deg","20.000","°C","100.000","%a.s.","22.080","deg","20.000","°C","976.000","hPa","0.861","-0.02617","0.00035","0","0","13.56","Humid","69.95","1","60.00","284160.44","SABD0001000008","AAV1.0.0.11","2.1.0.443","PSt7-10","171011-002","6/6/2018 8:55:32 AM","1443-01","0","no battery","V"
"07/10/2018","11:55:26","2","default","726512009","O2","5.855","min","217.573","μmol/L","Humid","20.007","deg","150065","µV","25.959","°C","1013.000","hPa","40.0","pmil","0","55.500","deg","20.000","°C","100.000","%a.s.","22.080","deg","20.000","°C","976.000","hPa","0.861","-0.02617","0.00035","0","0","13.56","Humid","69.95","1","60.00","284167.99","SABD0001000008","AAV1.0.0.11","2.1.0.443","PSt7-10","171011-002","6/6/2018 8:55:32 AM","1443-01","0","no battery","V"
"07/10/2018","11:55:27","2","default","726512009","O2","5.872","min","217.362","μmol/L","Humid","20.014","deg","150080","µV","25.970","°C","1013.000","hPa","40.0","pmil","0","55.500","deg","20.000","°C","100.000","%a.s.","22.080","deg","20.000","°C","976.000","hPa","0.861","-0.02617","0.00035","0","0","13.56","Humid","69.95","1","60.00","284157.69","SABD0001000008","AAV1.0.0.11","2.1.0.443","PSt7-10","171011-002","6/6/2018 8:55:32 AM","1443-01","0","no battery","V"
"07/10/2018","11:55:28","2","default","726512009","O2","5.888","min","217.501","μmol/L","Humid","20.010","deg","150073","µV","25.961","°C","1013.000","hPa","40.0","pmil","0","55.500","deg","20.000","°C","100.000","%a.s.","22.080","deg","20.000","°C","976.000","hPa","0.861","-0.02617","0.00035","0","0","13.56","Humid","69.95","1","60.00","284160.40","SABD0001000008","AAV1.0.0.11","2.1.0.443","PSt7-10","171011-002","6/6/2018 8:55:32 AM","1443-01","0","no battery","V"
"07/10/2018","11:55:29","2","default","726512009","O2","5.905","min","217.488","μmol/L","Humid","20.013","deg","150102","µV","25.953","°C","1013.000","hPa","40.0","pmil","0","55.500","deg","20.000","°C","100.000","%a.s.","22.080","deg","20.000","°C","976.000","hPa","0.861","-0.02617","0.00035","0","0","13.56","Humid","69.95","1","60.00","284162.40","SABD0001000008","AAV1.0.0.11","2.1.0.443","PSt7-10","171011-002","6/6/2018 8:55:32 AM","1443-01","0","no battery","V"
"07/10/2018","11:55:30","2","default","726512009","O2","5.922","min","217.419","μmol/L","Humid","20.014","deg","150100","µV","25.961","°C","1013.000","hPa","40.0","pmil","0","55.500","deg","20.000","°C","100.000","%a.s.","22.080","deg","20.000","°C","976.000","hPa","0.861","-0.02617","0.00035","0","0","13.56","Humid","69.95","1","60.00","284147.15","SABD0001000008","AAV1.0.0.11","2.1.0.443","PSt7-10","171011-002","6/6/2018 8:55:32 AM","1443-01","0","no battery","V"
"07/10/2018","11:55:31","2","default","726512009","O2","5.939","min","217.326","μmol/L","Humid","20.018","deg","150110","µV","25.963","°C","1013.000","hPa","40.0","pmil","0","55.500","deg","20.000","°C","100.000","%a.s.","22.080","deg","20.000","°C","976.000","hPa","0.861","-0.02617","0.00035","0","0","13.56","Humid","69.95","1","60.00","284151.38","SABD0001000008","AAV1.0.0.11","2.1.0.443","PSt7-10","171011-002","6/6/2018 8:55:32 AM","1443-01","0","no battery","V"
"07/10/2018","11:55:32","2","default","726512009","O2","5.955","min","217.288","μmol/L","Humid","20.016","deg","150112","µV","25.975","°C","1013.000","hPa","40.0","pmil","0","55.500","deg","20.000","°C","100.000","%a.s.","22.080","deg","20.000","°C","976.000","hPa","0.861","-0.02617","0.00035","0","0","13.56","Humid","69.95","1","60.00","284161.99","SABD0001000008","AAV1.0.0.11","2.1.0.443","PSt7-10","171011-002","6/6/2018 8:55:32 AM","1443-01","0","no battery","V"
"07/10/2018","11:55:33","2","default","726512009","O2","5.972","min","217.305","μmol/L","Humid","20.016","deg","150121","µV","25.973","°C","1013.000","hPa","40.0","pmil","0","55.500","deg","20.000","°C","100.000","%a.s.","22.080","deg","20.000","°C","976.000","hPa","0.861","-0.02617","0.00035","0","0","13.56","Humid","69.95","1","60.00","284147.28","SABD0001000008","AAV1.0.0.11","2.1.0.443","PSt7-10","171011-002","6/6/2018 8:55:32 AM","1443-01","0","no battery","V"
"07/10/2018","11:55:34","2","default","726512009","O2","5.989","min","217.254","μmol/L","Humid","20.019","deg","150140","µV","25.971","°C","1013.000","hPa","40.0","pmil","0","55.500","deg","20.000","°C","100.000","%a.s.","22.080","deg","20.000","°C","976.000","hPa","0.861","-0.02617","0.00035","0","0","13.56","Humid","69.95","1","60.00","284155.81","SABD0001000008","AAV1.0.0.11","2.1.0.443","PSt7-10","171011-002","6/6/2018 8:55:32 AM","1443-01","0","no battery","V"
"07/10/2018","11:55:35","2","default","726512009","O2","6.005","min","217.273","μmol/L","Humid","20.018","deg","150139","µV","25.972","°C","1013.000","hPa","40.0","pmil","0","55.500","deg","20.000","°C","100.000","%a.s.","22.080","deg","20.000","°C","976.000","hPa","0.861","-0.02617","0.00035","0","0","13.56","Humid","69.95","1","60.00","284149.26","SABD0001000008","AAV1.0.0.11","2.1.0.443","PSt7-10","171011-002","6/6/2018 8:55:32 AM","1443-01","0","no battery","V"
"07/10/2018","11:55:36","2","default","726512009","O2","6.022","min","217.111","μmol/L","Humid","20.022","deg","150162","µV","25.985","°C","1013.000","hPa","40.0","pmil","0","55.500","deg","20.000","°C","100.000","%a.s.","22.080","deg","20.000","°C","976.000","hPa","0.861","-0.02617","0.00035","0","0","13.56","Humid","69.95","1","60.00","284161.99","SABD0001000008","AAV1.0.0.11","2.1.0.443","PSt7-10","171011-002","6/6/2018 8:55:32 AM","1443-01","0","no battery","V"
"07/10/2018","11:55:37","2","default","726512009","O2","6.039","min","217.102","μmol/L","Humid","20.023","deg","150167","µV","25.983","°C","1013.000","hPa","40.0","pmil","0","55.500","deg","20.000","°C","100.000","%a.s.","22.080","deg","20.000","°C","976.000","hPa","0.861","-0.02617","0.00035","0","0","13.56","Humid","69.95","1","60.00","284155.30","SABD0001000008","AAV1.0.0.11","2.1.0.443","PSt7-10","171011-002","6/6/2018 8:55:32 AM","1443-01","0","no battery","V"
"07/10/2018","11:55:38","2","default","726512009","O2","6.055","min","217.172","μmol/L","Humid","20.023","deg","150172","µV","25.972","°C","1013.000","hPa","40.0","pmil","0","55.500","deg","20.000","°C","100.000","%a.s.","22.080","deg","20.000","°C","976.000","hPa","0.861","-0.02617","0.00035","0","0","13.56","Humid","69.95","1","60.00","284142.95","SABD0001000008","AAV1.0.0.11","2.1.0.443","PSt7-10","171011-002","6/6/2018 8:55:32 AM","1443-01","0","no battery","V"
"07/10/2018","11:55:39","2","default","726512009","O2","6.072","min","217.187","μmol/L","Humid","20.023","deg","150177","µV","25.970","°C","1013.000","hPa","40.0","pmil","0","55.500","deg","20.000","°C","100.000","%a.s.","22.080","deg","20.000","°C","976.000","hPa","0.861","-0.02617","0.00035","0","0","13.56","Humid","69.95","1","60.00","284148.37","SABD0001000008","AAV1.0.0.11","2.1.0.443","PSt7-10","171011-002","6/6/2018 8:55:32 AM","1443-01","0","no battery","V"
"07/10/2018","11:55:40","2","default","726512009","O2","6.088","min","217.129","μmol/L","Humid","20.027","deg","150184","µV","25.966","°C","1013.000","hPa","40.0","pmil","0","55.500","deg","20.000","°C","100.000","%a.s.","22.080","deg","20.000","°C","976.000","hPa","0.861","-0.02617","0.00035","0","0","13.56","Humid","69.95","1","60.00","284142.17","SABD0001000008","AAV1.0.0.11","2.1.0.443","PSt7-10","171011-002","6/6/2018 8:55:32 AM","1443-01","0","no battery","V"
"07/10/2018","11:55:41","2","default","726512009","O2","6.105","min","217.118","μmol/L","Humid","20.026","deg","150193","µV","25.971","°C","1013.000","hPa","40.0","pmil","0","55.500","deg","20.000","°C","100.000","%a.s.","22.080","deg","20.000","°C","976.000","hPa","0.861","-0.02617","0.00035","0","0","13.56","Humid","69.95","1","60.00","284154.71","SABD0001000008","AAV1.0.0.11","2.1.0.443","PSt7-10","171011-002","6/6/2018 8:55:32 AM","1443-01","0","no battery","V"
"07/10/2018","11:55:42","2","default","726512009","O2","6.122","min","217.085","μmol/L","Humid","20.029","deg","150206","µV","25.967","°C","1013.000","hPa","40.0","pmil","0","55.500","deg","20.000","°C","100.000","%a.s.","22.080","deg","20.000","°C","976.000","hPa","0.861","-0.02617","0.00035","0","0","13.56","Humid","69.95","1","60.00","284146.34","SABD0001000008","AAV1.0.0.11","2.1.0.443","PSt7-10","171011-002","6/6/2018 8:55:32 AM","1443-01","0","no battery","V"
"07/10/2018","11:55:43","2","default","726512009","O2","6.138","min","217.038","μmol/L","Humid","20.030","deg","150226","µV","25.971","°C","1013.000","hPa","40.0","pmil","0","55.500","deg","20.000","°C","100.000","%a.s.","22.080","deg","20.000","°C","976.000","hPa","0.861","-0.02617","0.00035","0","0","13.56","Humid","69.95","1","60.00","284145.40","SABD0001000008","AAV1.0.0.11","2.1.0.443","PSt7-10","171011-002","6/6/2018 8:55:32 AM","1443-01","0","no battery","V"
"07/10/2018","11:55:44","2","default","726512009","O2","6.155","min","217.068","μmol/L","Humid","20.031","deg","150220","µV","25.963","°C","1013.000","hPa","40.0","pmil","0","55.500","deg","20.000","°C","100.000","%a.s.","22.080","deg","20.000","°C","976.000","hPa","0.861","-0.02617","0.00035","0","0","13.56","Humid","69.95","1","60.00","284150.80","SABD0001000008","AAV1.0.0.11","2.1.0.443","PSt7-10","171011-002","6/6/2018 8:55:32 AM","1443-01","0","no battery","V"
"07/10/2018","11:55:45","2","default","726512009","O2","6.172","min","217.136","μmol/L","Humid","20.029","deg","150223","µV","25.959","°C","1013.000","hPa","40.0","pmil","0","55.500","deg","20.000","°C","100.000","%a.s.","22.080","deg","20.000","°C","976.000","hPa","0.861","-0.02617","0.00035","0","0","13.56","Humid","69.95","1","60.00","284139.15","SABD0001000008","AAV1.0.0.11","2.1.0.443","PSt7-10","171011-002","6/6/2018 8:55:32 AM","1443-01","0","no battery","V"
"07/10/2018","11:55:46","2","default","726512009","O2","6.188","min","217.102","μmol/L","Humid","20.031","deg","150234","µV","25.958","°C","1013.000","hPa","40.0","pmil","0","55.500","deg","20.000","°C","100.000","%a.s.","22.080","deg","20.000","°C","976.000","hPa","0.861","-0.02617","0.00035","0","0","13.56","Humid","69.95","1","60.00","284131.88","SABD0001000008","AAV1.0.0.11","2.1.0.443","PSt7-10","171011-002","6/6/2018 8:55:32 AM","1443-01","0","no battery","V"
"07/10/2018","11:55:47","2","default","726512009","O2","6.205","min","217.075","μmol/L","Humid","20.034","deg","150255","µV","25.953","°C","1013.000","hPa","40.0","pmil","0","55.500","deg","20.000","°C","100.000","%a.s.","22.080","deg","20.000","°C","976.000","hPa","0.861","-0.02617","0.00035","0","0","13.56","Humid","69.95","1","60.00","284148.64","SABD0001000008","AAV1.0.0.11","2.1.0.443","PSt7-10","171011-002","6/6/2018 8:55:32 AM","1443-01","0","no battery","V"
"07/10/2018","11:55:48","2","default","726512009","O2","6.222","min","217.173","μmol/L","Humid","20.031","deg","150264","µV","25.947","°C","1013.000","hPa","40.0","pmil","0","55.500","deg","20.000","°C","100.000","%a.s.","22.080","deg","20.000","°C","976.000","hPa","0.861","-0.02617","0.00035","0","0","13.56","Humid","69.95","1","60.00","284139.62","SABD0001000008","AAV1.0.0.11","2.1.0.443","PSt7-10","171011-002","6/6/2018 8:55:32 AM","1443-01","0","no battery","V"
"07/10/2018","11:55:49","2","default","726512009","O2","6.238","min","217.020","μmol/L","Humid","20.035","deg","150258","µV","25.958","°C","1013.000","hPa","40.0","pmil","0","55.500","deg","20.000","°C","100.000","%a.s.","22.080","deg","20.000","°C","976.000","hPa","0.861","-0.02617","0.00035","0","0","13.56","Humid","69.95","1","60.00","284127.77","SABD0001000008","AAV1.0.0.11","2.1.0.443","PSt7-10","171011-002","6/6/2018 8:55:32 AM","1443-01","0","no battery","V"
"07/10/2018","11:55:50","2","default","726512009","O2","6.255","min","216.936","μmol/L","Humid","20.036","deg","150272","µV","25.969","°C","1013.000","hPa","40.0","pmil","0","55.500","deg","20.000","°C","100.000","%a.s.","22.080","deg","20.000","°C","976.000","hPa","0.861","-0.02617","0.00035","0","0","13.56","Humid","69.95","1","60.00","284133.07","SABD0001000008","AAV1.0.0.11","2.1.0.443","PSt7-10","171011-002","6/6/2018 8:55:32 AM","1443-01","0","no battery","V"
"07/10/2018","11:55:51","2","default","726512009","O2","6.272","min","216.846","μmol/L","Humid","20.036","deg","150282","µV","25.983","°C","1013.000","hPa","40.0","pmil","0","55.500","deg","20.000","°C","100.000","%a.s.","22.080","deg","20.000","°C","976.000","hPa","0.861","-0.02617","0.00035","0","0","13.56","Humid","69.95","1","60.00","284140.50","SABD0001000008","AAV1.0.0.11","2.1.0.443","PSt7-10","171011-002","6/6/2018 8:55:32 AM","1443-01","0","no battery","V"
"07/10/2018","11:55:52","2","default","726512009","O2","6.289","min","216.923","μmol/L","Humid","20.036","deg","150297","µV","25.971","°C","1013.000","hPa","40.0","pmil","0","55.500","deg","20.000","°C","100.000","%a.s.","22.080","deg","20.000","°C","976.000","hPa","0.861","-0.02617","0.00035","0","0","13.56","Humid","69.95","1","60.00","284143.21","SABD0001000008","AAV1.0.0.11","2.1.0.443","PSt7-10","171011-002","6/6/2018 8:55:32 AM","1443-01","0","no battery","V"
"07/10/2018","11:55:53","2","default","726512009","O2","6.305","min","216.835","μmol/L","Humid","20.041","deg","150314","µV","25.969","°C","1013.000","hPa","40.0","pmil","0","55.500","deg","20.000","°C","100.000","%a.s.","22.080","deg","20.000","°C","976.000","hPa","0.861","-0.02617","0.00035","0","0","13.56","Humid","69.95","1","60.00","284143.20","SABD0001000008","AAV1.0.0.11","2.1.0.443","PSt7-10","171011-002","6/6/2018 8:55:32 AM","1443-01","0","no battery","V"
"07/10/2018","11:55:54","2","default","726512009","O2","6.322","min","216.875","μmol/L","Humid","20.042","deg","150313","µV","25.960","°C","1013.000","hPa","40.0","pmil","0","55.500","deg","20.000","°C","100.000","%a.s.","22.080","deg","20.000","°C","976.000","hPa","0.861","-0.02617","0.00035","0","0","13.56","Humid","69.95","1","60.00","284128.71","SABD0001000008","AAV1.0.0.11","2.1.0.443","PSt7-10","171011-002","6/6/2018 8:55:32 AM","1443-01","0","no battery","V"
"07/10/2018","11:55:55","2","default","726512009","O2","6.339","min","216.778","μmol/L","Humid","20.041","deg","150321","µV","25.978","°C","1013.000","hPa","40.0","pmil","0","55.500","deg","20.000","°C","100.000","%a.s.","22.080","deg","20.000","°C","976.000","hPa","0.861","-0.02617","0.00035","0","0","13.56","Humid","69.95","1","60.00","284130.82","SABD0001000008","AAV1.0.0.11","2.1.0.443","PSt7-10","171011-002","6/6/2018 8:55:32 AM","1443-01","0","no battery","V"
"07/10/2018","11:55:56","2","default","726512009","O2","6.355","min","216.693","μmol/L","Humid","20.046","deg","150325","µV","25.976","°C","1013.000","hPa","40.0","pmil","0","55.500","deg","20.000","°C","100.000","%a.s.","22.080","deg","20.000","°C","976.000","hPa","0.861","-0.02617","0.00035","0","0","13.56","Humid","69.95","1","60.00","284124.78","SABD0001000008","AAV1.0.0.11","2.1.0.443","PSt7-10","171011-002","6/6/2018 8:55:32 AM","1443-01","0","no battery","V"
"07/10/2018","11:55:57","2","default","726512009","O2","6.372","min","216.834","μmol/L","Humid","20.045","deg","150328","µV","25.957","°C","1013.000","hPa","40.0","pmil","0","55.500","deg","20.000","°C","100.000","%a.s.","22.080","deg","20.000","°C","976.000","hPa","0.861","-0.02617","0.00035","0","0","13.56","Humid","69.95","1","60.00","284125.18","SABD0001000008","AAV1.0.0.11","2.1.0.443","PSt7-10","171011-002","6/6/2018 8:55:32 AM","1443-01","0","no battery","V"
"07/10/2018","11:55:58","2","default","726512009","O2","6.389","min","216.660","μmol/L","Humid","20.048","deg","150361","µV","25.975","°C","1013.000","hPa","40.0","pmil","0","55.500","deg","20.000","°C","100.000","%a.s.","22.080","deg","20.000","°C","976.000","hPa","0.861","-0.02617","0.00035","0","0","13.56","Humid","69.95","1","60.00","284141.42","SABD0001000008","AAV1.0.0.11","2.1.0.443","PSt7-10","171011-002","6/6/2018 8:55:32 AM","1443-01","0","no battery","V"
"07/10/2018","11:55:59","2","default","726512009","O2","6.405","min","216.686","μmol/L","Humid","20.049","deg","150355","µV","25.968","°C","1013.000","hPa","40.0","pmil","0","55.500","deg","20.000","°C","100.000","%a.s.","22.080","deg","20.000","°C","976.000","hPa","0.861","-0.02617","0.00035","0","0","13.56","Humid","69.95","1","60.00","284127.92","SABD0001000008","AAV1.0.0.11","2.1.0.443","PSt7-10","171011-002","6/6/2018 8:55:32 AM","1443-01","0","no battery","V"
"07/10/2018","11:56:00","2","default","726512009","O2","6.422","min","216.698","μmol/L","Humid","20.047","deg","150371","µV","25.972","°C","1013.000","hPa","40.0","pmil","0","55.500","deg","20.000","°C","100.000","%a.s.","22.080","deg","20.000","°C","976.000","hPa","0.861","-0.02617","0.00035","0","0","13.56","Humid","69.95","1","60.00","284132.95","SABD0001000008","AAV1.0.0.11","2.1.0.443","PSt7-10","171011-002","6/6/2018 8:55:32 AM","1443-01","0","no battery","V"
"07/10/2018","11:56:01","2","default","726512009","O2","6.438","min","216.795","μmol/L","Humid","20.044","deg","150368","µV","25.966","°C","1013.000","hPa","40.0","pmil","0","55.500","deg","20.000","°C","100.000","%a.s.","22.080","deg","20.000","°C","976.000","hPa","0.861","-0.02617","0.00035","0","0","13.56","Humid","69.95","1","60.00","284127.62","SABD0001000008","AAV1.0.0.11","2.1.0.443","PSt7-10","171011-002","6/6/2018 8:55:32 AM","1443-01","0","no battery","V"
"07/10/2018","11:56:02","2","default","726512009","O2","6.455","min","216.670","μmol/L","Humid","20.048","deg","150371","µV","25.973","°C","1013.000","hPa","40.0","pmil","0","55.500","deg","20.000","°C","100.000","%a.s.","22.080","deg","20.000","°C","976.000","hPa","0.861","-0.02617","0.00035","0","0","13.56","Humid","69.95","1","60.00","284128.59","SABD0001000008","AAV1.0.0.11","2.1.0.443","PSt7-10","171011-002","6/6/2018 8:55:32 AM","1443-01","0","no battery","V"
"07/10/2018","11:56:03","2","default","726512009","O2","6.472","min","216.707","μmol/L","Humid","20.047","deg","150389","µV","25.970","°C","1013.000","hPa","40.0","pmil","0","55.500","deg","20.000","°C","100.000","%a.s.","22.080","deg","20.000","°C","976.000","hPa","0.861","-0.02617","0.00035","0","0","13.56","Humid","69.95","1","60.00","284143.37","SABD0001000008","AAV1.0.0.11","2.1.0.443","PSt7-10","171011-002","6/6/2018 8:55:32 AM","1443-01","0","no battery","V"
"07/10/2018","11:56:04","2","default","726512009","O2","6.489","min","216.653","μmol/L","Humid","20.049","deg","150388","µV","25.973","°C","1013.000","hPa","40.0","pmil","0","55.500","deg","20.000","°C","100.000","%a.s.","22.080","deg","20.000","°C","976.000","hPa","0.861","-0.02617","0.00035","0","0","13.56","Humid","69.95","1","60.00","284128.26","SABD0001000008","AAV1.0.0.11","2.1.0.443","PSt7-10","171011-002","6/6/2018 8:55:32 AM","1443-01","0","no battery","V"
"07/10/2018","11:56:05","2","default","726512009","O2","6.505","min","216.635","μmol/L","Humid","20.051","deg","150398","µV","25.969","°C","1013.000","hPa","40.0","pmil","0","55.500","deg","20.000","°C","100.000","%a.s.","22.080","deg","20.000","°C","976.000","hPa","0.861","-0.02617","0.00035","0","0","13.56","Humid","69.95","1","60.00","284127.59","SABD0001000008","AAV1.0.0.11","2.1.0.443","PSt7-10","171011-002","6/6/2018 8:55:32 AM","1443-01","0","no battery","V"
"07/10/2018","11:56:06","2","default","726512009","O2","6.522","min","216.481","μmol/L","Humid","20.054","deg","150404","µV","25.984","°C","1013.000","hPa","40.0","pmil","0","55.500","deg","20.000","°C","100.000","%a.s.","22.080","deg","20.000","°C","976.000","hPa","0.861","-0.02617","0.00035","0","0","13.56","Humid","69.95","1","60.00","284125.30","SABD0001000008","AAV1.0.0.11","2.1.0.443","PSt7-10","171011-002","6/6/2018 8:55:32 AM","1443-01","0","no battery","V"
"07/10/2018","11:56:07","2","default","726512009","O2","6.540","min","216.660","μmol/L","Humid","20.053","deg","150414","µV","25.959","°C","1013.000","hPa","40.0","pmil","0","55.500","deg","20.000","°C","100.000","%a.s.","22.080","deg","20.000","°C","976.000","hPa","0.861","-0.02617","0.00035","0","0","13.56","Humid","69.95","1","60.00","284127.59","SABD0001000008","AAV1.0.0.11","2.1.0.443","PSt7-10","171011-002","6/6/2018 8:55:32 AM","1443-01","0","no battery","V"
"07/10/2018","11:56:08","2","default","726512009","O2","6.555","min","216.673","μmol/L","Humid","20.053","deg","150419","µV","25.957","°C","1013.000","hPa","40.0","pmil","0","55.500","deg","20.000","°C","100.000","%a.s.","22.080","deg","20.000","°C","976.000","hPa","0.861","-0.02617","0.00035","0","0","13.56","Humid","69.95","1","60.00","284124.45","SABD0001000008","AAV1.0.0.11","2.1.0.443","PSt7-10","171011-002","6/6/2018 8:55:32 AM","1443-01","0","no battery","V"
"07/10/2018","11:56:09","2","default","726512009","O2","6.572","min","216.460","μmol/L","Humid","20.055","deg","150426","µV","25.985","°C","1013.000","hPa","40.0","pmil","0","55.500","deg","20.000","°C","100.000","%a.s.","22.080","deg","20.000","°C","976.000","hPa","0.861","-0.02617","0.00035","0","0","13.56","Humid","69.95","1","60.00","284126.52","SABD0001000008","AAV1.0.0.11","2.1.0.443","PSt7-10","171011-002","6/6/2018 8:55:32 AM","1443-01","0","no battery","V"
"07/10/2018","11:56:10","2","default","726512009","O2","6.588","min","216.459","μmol/L","Humid","20.057","deg","150445","µV","25.979","°C","1013.000","hPa","40.0","pmil","0","55.500","deg","20.000","°C","100.000","%a.s.","22.080","deg","20.000","°C","976.000","hPa","0.861","-0.02617","0.00035","0","0","13.56","Humid","69.95","1","60.00","284112.83","SABD0001000008","AAV1.0.0.11","2.1.0.443","PSt7-10","171011-002","6/6/2018 8:55:32 AM","1443-01","0","no battery","V"
"07/10/2018","11:56:11","2","default","726512009","O2","6.605","min","216.453","μmol/L","Humid","20.058","deg","150447","µV","25.976","°C","1013.000","hPa","40.0","pmil","0","55.500","deg","20.000","°C","100.000","%a.s.","22.080","deg","20.000","°C","976.000","hPa","0.861","-0.02617","0.00035","0","0","13.56","Humid","69.95","1","60.00","284114.67","SABD0001000008","AAV1.0.0.11","2.1.0.443","PSt7-10","171011-002","6/6/2018 8:55:32 AM","1443-01","0","no battery","V"
"07/10/2018","11:56:12","2","default","726512009","O2","6.622","min","216.331","μmol/L","Humid","20.061","deg","150453","µV","25.986","°C","1013.000","hPa","40.0","pmil","0","55.500","deg","20.000","°C","100.000","%a.s.","22.080","deg","20.000","°C","976.000","hPa","0.861","-0.02617","0.00035","0","0","13.56","Humid","69.95","1","60.00","284113.46","SABD0001000008","AAV1.0.0.11","2.1.0.443","PSt7-10","171011-002","6/6/2018 8:55:32 AM","1443-01","0","no battery","V"
"07/10/2018","11:56:13","2","default","726512009","O2","6.638","min","216.429","μmol/L","Humid","20.058","deg","150461","µV","25.980","°C","1013.000","hPa","40.0","pmil","0","55.500","deg","20.000","°C","100.000","%a.s.","22.080","deg","20.000","°C","976.000","hPa","0.861","-0.02617","0.00035","0","0","13.56","Humid","69.95","1","60.00","284122.77","SABD0001000008","AAV1.0.0.11","2.1.0.443","PSt7-10","171011-002","6/6/2018 8:55:32 AM","1443-01","0","no battery","V"
"07/10/2018","11:56:14","2","default","726512009","O2","6.655","min","216.405","μmol/L","Humid","20.060","deg","150470","µV","25.978","°C","1013.000","hPa","40.0","pmil","0","55.500","deg","20.000","°C","100.000","%a.s.","22.080","deg","20.000","°C","976.000","hPa","0.861","-0.02617","0.00035","0","0","13.56","Humid","69.95","1","60.00","284114.05","SABD0001000008","AAV1.0.0.11","2.1.0.443","PSt7-10","171011-002","6/6/2018 8:55:32 AM","1443-01","0","no battery","V"
"07/10/2018","11:56:15","2","default","726512009","O2","6.672","min","216.377","μmol/L","Humid","20.062","deg","150477","µV","25.976","°C","1013.000","hPa","40.0","pmil","0","55.500","deg","20.000","°C","100.000","%a.s.","22.080","deg","20.000","°C","976.000","hPa","0.861","-0.02617","0.00035","0","0","13.56","Humid","69.95","1","60.00","284120.28","SABD0001000008","AAV1.0.0.11","2.1.0.443","PSt7-10","171011-002","6/6/2018 8:55:32 AM","1443-01","0","no battery","V"
"07/10/2018","11:56:16","2","default","726512009","O2","6.689","min","216.331","μmol/L","Humid","20.061","deg","150488","µV","25.986","°C","1013.000","hPa","40.0","pmil","0","55.500","deg","20.000","°C","100.000","%a.s.","22.080","deg","20.000","°C","976.000","hPa","0.861","-0.02617","0.00035","0","0","13.56","Humid","69.95","1","60.00","284116.25","SABD0001000008","AAV1.0.0.11","2.1.0.443","PSt7-10","171011-002","6/6/2018 8:55:32 AM","1443-01","0","no battery","V"
"07/10/2018","11:56:17","2","default","726512009","O2","6.705","min","216.263","μmol/L","Humid","20.066","deg","150493","µV","25.981","°C","1013.000","hPa","40.0","pmil","0","55.500","deg","20.000","°C","100.000","%a.s.","22.080","deg","20.000","°C","976.000","hPa","0.861","-0.02617","0.00035","0","0","13.56","Humid","69.95","1","60.00","284109.68","SABD0001000008","AAV1.0.0.11","2.1.0.443","PSt7-10","171011-002","6/6/2018 8:55:32 AM","1443-01","0","no battery","V"
"07/10/2018","11:56:18","2","default","726512009","O2","6.722","min","216.391","μmol/L","Humid","20.062","deg","150509","µV","25.974","°C","1013.000","hPa","40.0","pmil","0","55.500","deg","20.000","°C","100.000","%a.s.","22.080","deg","20.000","°C","976.000","hPa","0.861","-0.02617","0.00035","0","0","13.56","Humid","69.95","1","60.00","284117.12","SABD0001000008","AAV1.0.0.11","2.1.0.443","PSt7-10","171011-002","6/6/2018 8:55:32 AM","1443-01","0","no battery","V"
"07/10/2018","11:56:19","2","default","726512009","O2","6.739","min","216.238","μmol/L","Humid","20.065","deg","150509","µV","25.988","°C","1013.000","hPa","40.0","pmil","0","55.500","deg","20.000","°C","100.000","%a.s.","22.080","deg","20.000","°C","976.000","hPa","0.861","-0.02617","0.00035","0","0","13.56","Humid","69.95","1","60.00","284119.83","SABD0001000008","AAV1.0.0.11","2.1.0.443","PSt7-10","171011-002","6/6/2018 8:55:32 AM","1443-01","0","no battery","V"
"07/10/2018","11:56:20","2","default","726512009","O2","6.755","min","216.294","μmol/L","Humid","20.065","deg","150509","µV","25.980","°C","1013.000","hPa","40.0","pmil","0","55.500","deg","20.000","°C","100.000","%a.s.","22.080","deg","20.000","°C","976.000","hPa","0.861","-0.02617","0.00035","0","0","13.56","Humid","69.95","1","60.00","284120.90","SABD0001000008","AAV1.0.0.11","2.1.0.443","PSt7-10","171011-002","6/6/2018 8:55:32 AM","1443-01","0","no battery","V"
"07/10/2018","11:56:21","2","default","726512009","O2","6.772","min","216.216","μmol/L","Humid","20.067","deg","150508","µV","25.986","°C","1013.000","hPa","40.0","pmil","0","55.500","deg","20.000","°C","100.000","%a.s.","22.080","deg","20.000","°C","976.000","hPa","0.861","-0.02617","0.00035","0","0","13.56","Humid","69.95","1","60.00","284106.50","SABD0001000008","AAV1.0.0.11","2.1.0.443","PSt7-10","171011-002","6/6/2018 8:55:32 AM","1443-01","0","no battery","V"
"07/10/2018","11:56:22","2","default","726512009","O2","6.788","min","216.331","μmol/L","Humid","20.068","deg","150519","µV","25.964","°C","1013.000","hPa","40.0","pmil","0","55.500","deg","20.000","°C","100.000","%a.s.","22.080","deg","20.000","°C","976.000","hPa","0.861","-0.02617","0.00035","0","0","13.56","Humid","69.95","1","60.00","284101.07","SABD0001000008","AAV1.0.0.11","2.1.0.443","PSt7-10","171011-002","6/6/2018 8:55:32 AM","1443-01","0","no battery","V"
"07/10/2018","11:56:23","2","default","726512009","O2","6.805","min","216.198","μmol/L","Humid","20.067","deg","150529","µV","25.989","°C","1013.000","hPa","40.0","pmil","0","55.500","deg","20.000","°C","100.000","%a.s.","22.080","deg","20.000","°C","976.000","hPa","0.861","-0.02617","0.00035","0","0","13.56","Humid","69.95","1","60.00","284114.73","SABD0001000008","AAV1.0.0.11","2.1.0.443","PSt7-10","171011-002","6/6/2018 8:55:32 AM","1443-01","0","no battery","V"
"07/10/2018","11:56:24","2","default","726512009","O2","6.822","min","216.284","μmol/L","Humid","20.067","deg","150543","µV","25.975","°C","1013.000","hPa","40.0","pmil","0","55.500","deg","20.000","°C","100.000","%a.s.","22.080","deg","20.000","°C","976.000","hPa","0.861","-0.02617","0.00035","0","0","13.56","Humid","69.95","1","60.00","284110.79","SABD0001000008","AAV1.0.0.11","2.1.0.443","PSt7-10","171011-002","6/6/2018 8:55:32 AM","1443-01","0","no battery","V"
"07/10/2018","11:56:25","2","default","726512009","O2","6.839","min","216.209","μmol/L","Humid","20.072","deg","150549","µV","25.971","°C","1013.000","hPa","40.0","pmil","0","55.500","deg","20.000","°C","100.000","%a.s.","22.080","deg","20.000","°C","976.000","hPa","0.861","-0.02617","0.00035","0","0","13.56","Humid","69.95","1","60.00","284126.12","SABD0001000008","AAV1.0.0.11","2.1.0.443","PSt7-10","171011-002","6/6/2018 8:55:32 AM","1443-01","0","no battery","V"
"07/10/2018","11:56:26","2","default","726512009","O2","6.856","min","216.259","μmol/L","Humid","20.070","deg","150558","µV","25.970","°C","1013.000","hPa","40.0","pmil","0","55.500","deg","20.000","°C","100.000","%a.s.","22.080","deg","20.000","°C","976.000","hPa","0.861","-0.02617","0.00035","0","0","13.56","Humid","69.95","1","60.00","284112.22","SABD0001000008","AAV1.0.0.11","2.1.0.443","PSt7-10","171011-002","6/6/2018 8:55:32 AM","1443-01","0","no battery","V"
"07/10/2018","11:56:27","2","default","726512009","O2","6.872","min","216.263","μmol/L","Humid","20.071","deg","150551","µV","25.966","°C","1013.000","hPa","40.0","pmil","0","55.500","deg","20.000","°C","100.000","%a.s.","22.080","deg","20.000","°C","976.000","hPa","0.861","-0.02617","0.00035","0","0","13.56","Humid","69.95","1","60.00","284104.62","SABD0001000008","AAV1.0.0.11","2.1.0.443","PSt7-10","171011-002","6/6/2018 8:55:32 AM","1443-01","0","no battery","V"
"07/10/2018","11:56:28","2","default","726512009","O2","6.889","min","216.169","μmol/L","Humid","20.073","deg","150571","µV","25.975","°C","1013.000","hPa","40.0","pmil","0","55.500","deg","20.000","°C","100.000","%a.s.","22.080","deg","20.000","°C","976.000","hPa","0.861","-0.02617","0.00035","0","0","13.56","Humid","69.95","1","60.00","284103.87","SABD0001000008","AAV1.0.0.11","2.1.0.443","PSt7-10","171011-002","6/6/2018 8:55:32 AM","1443-01","0","no battery","V"
"07/10/2018","11:56:29","2","default","726512009","O2","6.905","min","216.126","μmol/L","Humid","20.075","deg","150573","µV","25.975","°C","1013.000","hPa","40.0","pmil","0","55.500","deg","20.000","°C","100.000","%a.s.","22.080","deg","20.000","°C","976.000","hPa","0.861","-0.02617","0.00035","0","0","13.56","Humid","69.95","1","60.00","284109.58","SABD0001000008","AAV1.0.0.11","2.1.0.443","PSt7-10","171011-002","6/6/2018 8:55:32 AM","1443-01","0","no battery","V"
"07/10/2018","11:56:30","2","default","726512009","O2","6.922","min","215.961","μmol/L","Humid","20.077","deg","150586","µV","25.995","°C","1013.000","hPa","40.0","pmil","0","55.500","deg","20.000","°C","100.000","%a.s.","22.080","deg","20.000","°C","976.000","hPa","0.861","-0.02617","0.00035","0","0","13.56","Humid","69.95","1","60.00","284102.37","SABD0001000008","AAV1.0.0.11","2.1.0.443","PSt7-10","171011-002","6/6/2018 8:55:32 AM","1443-01","0","no battery","V"
"07/10/2018","11:56:31","2","default","726512009","O2","6.938","min","216.011","μmol/L","Humid","20.078","deg","150588","µV","25.984","°C","1013.000","hPa","40.0","pmil","0","55.500","deg","20.000","°C","100.000","%a.s.","22.080","deg","20.000","°C","976.000","hPa","0.861","-0.02617","0.00035","0","0","13.56","Humid","69.95","1","60.00","284108.61","SABD0001000008","AAV1.0.0.11","2.1.0.443","PSt7-10","171011-002","6/6/2018 8:55:32 AM","1443-01","0","no battery","V"
"07/10/2018","11:56:32","2","default","726512009","O2","6.955","min","215.973","μmol/L","Humid","20.079","deg","150598","µV","25.987","°C","1013.000","hPa","40.0","pmil","0","55.500","deg","20.000","°C","100.000","%a.s.","22.080","deg","20.000","°C","976.000","hPa","0.861","-0.02617","0.00035","0","0","13.56","Humid","69.95","1","60.00","284107.02","SABD0001000008","AAV1.0.0.11","2.1.0.443","PSt7-10","171011-002","6/6/2018 8:55:32 AM","1443-01","0","no battery","V"
"07/10/2018","11:56:33","2","default","726512009","O2","6.972","min","216.056","μmol/L","Humid","20.076","deg","150603","µV","25.983","°C","1013.000","hPa","40.0","pmil","0","55.500","deg","20.000","°C","100.000","%a.s.","22.080","deg","20.000","°C","976.000","hPa","0.861","-0.02617","0.00035","0","0","13.56","Humid","69.95","1","60.00","284110.24","SABD0001000008","AAV1.0.0.11","2.1.0.443","PSt7-10","171011-002","6/6/2018 8:55:32 AM","1443-01","0","no battery","V"
"07/10/2018","11:56:34","2","default","726512009","O2","6.989","min","215.910","μmol/L","Humid","20.081","deg","150610","µV","25.991","°C","1013.000","hPa","40.0","pmil","0","55.500","deg","20.000","°C","100.000","%a.s.","22.080","deg","20.000","°C","976.000","hPa","0.861","-0.02617","0.00035","0","0","13.56","Humid","69.95","1","60.00","284104.54","SABD0001000008","AAV1.0.0.11","2.1.0.443","PSt7-10","171011-002","6/6/2018 8:55:32 AM","1443-01","0","no battery","V"
"07/10/2018","11:56:35","2","default","726512009","O2","7.006","min","215.867","μmol/L","Humid","20.082","deg","150618","µV","25.994","°C","1013.000","hPa","40.0","pmil","0","55.500","deg","20.000","°C","100.000","%a.s.","22.080","deg","20.000","°C","976.000","hPa","0.861","-0.02617","0.00035","0","0","13.56","Humid","69.95","1","60.00","284110.87","SABD0001000008","AAV1.0.0.11","2.1.0.443","PSt7-10","171011-002","6/6/2018 8:55:32 AM","1443-01","0","no battery","V"
"07/10/2018","11:56:36","2","default","726512009","O2","7.022","min","215.971","μmol/L","Humid","20.083","deg","150622","µV","25.975","°C","1013.000","hPa","40.0","pmil","0","55.500","deg","20.000","°C","100.000","%a.s.","22.080","deg","20.000","°C","976.000","hPa","0.861","-0.02617","0.00035","0","0","13.56","Humid","69.95","1","60.00","284120.22","SABD0001000008","AAV1.0.0.11","2.1.0.443","PSt7-10","171011-002","6/6/2018 8:55:32 AM","1443-01","0","no battery","V"
"07/10/2018","11:56:37","2","default","726512009","O2","7.038","min","215.913","μmol/L","Humid","20.085","deg","150630","µV","25.978","°C","1013.000","hPa","40.0","pmil","0","55.500","deg","20.000","°C","100.000","%a.s.","22.080","deg","20.000","°C","976.000","hPa","0.861","-0.02617","0.00035","0","0","13.56","Humid","69.95","1","60.00","284097.57","SABD0001000008","AAV1.0.0.11","2.1.0.443","PSt7-10","171011-002","6/6/2018 8:55:32 AM","1443-01","0","no battery","V"
"07/10/2018","11:56:38","2","default","726512009","O2","7.055","min","216.004","μmol/L","Humid","20.082","deg","150643","µV","25.973","°C","1013.000","hPa","40.0","pmil","0","55.500","deg","20.000","°C","100.000","%a.s.","22.080","deg","20.000","°C","976.000","hPa","0.861","-0.02617","0.00035","0","0","13.56","Humid","69.95","1","60.00","284112.45","SABD0001000008","AAV1.0.0.11","2.1.0.443","PSt7-10","171011-002","6/6/2018 8:55:32 AM","1443-01","0","no battery","V"
"07/10/2018","11:56:39","2","default","726512009","O2","7.072","min","215.824","μmol/L","Humid","20.087","deg","150655","µV","25.986","°C","1013.000","hPa","40.0","pmil","0","55.500","deg","20.000","°C","100.000","%a.s.","22.080","deg","20.000","°C","976.000","hPa","0.861","-0.02617","0.00035","0","0","13.56","Humid","69.95","1","60.00","284119.09","SABD0001000008","AAV1.0.0.11","2.1.0.443","PSt7-10","171011-002","6/6/2018 8:55:32 AM","1443-01","0","no battery","V"
"07/10/2018","11:56:40","2","default","726512009","O2","7.088","min","215.906","μmol/L","Humid","20.085","deg","150651","µV","25.979","°C","1013.000","hPa","40.0","pmil","0","55.500","deg","20.000","°C","100.000","%a.s.","22.080","deg","20.000","°C","976.000","hPa","0.861","-0.02617","0.00035","0","0","13.56","Humid","69.95","1","60.00","284110.23","SABD0001000008","AAV1.0.0.11","2.1.0.443","PSt7-10","171011-002","6/6/2018 8:55:32 AM","1443-01","0","no battery","V"
"07/10/2018","11:56:41","2","default","726512009","O2","7.105","min","215.897","μmol/L","Humid","20.087","deg","150660","µV","25.974","°C","1013.000","hPa","40.0","pmil","0","55.500","deg","20.000","°C","100.000","%a.s.","22.080","deg","20.000","°C","976.000","hPa","0.861","-0.02617","0.00035","0","0","13.56","Humid","69.95","1","60.00","284094.76","SABD0001000008","AAV1.0.0.11","2.1.0.443","PSt7-10","171011-002","6/6/2018 8:55:32 AM","1443-01","0","no battery","V"
"07/10/2018","11:56:42","2","default","726512009","O2","7.122","min","215.803","μmol/L","Humid","20.088","deg","150672","µV","25.986","°C","1013.000","hPa","40.0","pmil","0","55.500","deg","20.000","°C","100.000","%a.s.","22.080","deg","20.000","°C","976.000","hPa","0.861","-0.02617","0.00035","0","0","13.56","Humid","69.95","1","60.00","284103.35","SABD0001000008","AAV1.0.0.11","2.1.0.443","PSt7-10","171011-002","6/6/2018 8:55:32 AM","1443-01","0","no battery","V"
"07/10/2018","11:56:43","2","default","726512009","O2","7.139","min","215.768","μmol/L","Humid","20.089","deg","150674","µV","25.988","°C","1013.000","hPa","40.0","pmil","0","55.500","deg","20.000","°C","100.000","%a.s.","22.080","deg","20.000","°C","976.000","hPa","0.861","-0.02617","0.00035","0","0","13.56","Humid","69.95","1","60.00","284086.76","SABD0001000008","AAV1.0.0.11","2.1.0.443","PSt7-10","171011-002","6/6/2018 8:55:32 AM","1443-01","0","no battery","V"
"07/10/2018","11:56:44","2","default","726512009","O2","7.155","min","215.790","μmol/L","Humid","20.090","deg","150687","µV","25.982","°C","1013.000","hPa","40.0","pmil","0","55.500","deg","20.000","°C","100.000","%a.s.","22.080","deg","20.000","°C","976.000","hPa","0.861","-0.02617","0.00035","0","0","13.56","Humid","69.95","1","60.00","284094.04","SABD0001000008","AAV1.0.0.11","2.1.0.443","PSt7-10","171011-002","6/6/2018 8:55:32 AM","1443-01","0","no battery","V"
"07/10/2018","11:56:45","2","default","726512009","O2","7.172","min","215.717","μmol/L","Humid","20.092","deg","150697","µV","25.987","°C","1013.000","hPa","40.0","pmil","0","55.500","deg","20.000","°C","100.000","%a.s.","22.080","deg","20.000","°C","976.000","hPa","0.861","-0.02617","0.00035","0","0","13.56","Humid","69.95","1","60.00","284098.00","SABD0001000008","AAV1.0.0.11","2.1.0.443","PSt7-10","171011-002","6/6/2018 8:55:32 AM","1443-01","0","no battery","V"
"07/10/2018","11:56:46","2","default","726512009","O2","7.189","min","215.888","μmol/L","Humid","20.088","deg","150699","µV","25.972","°C","1013.000","hPa","40.0","pmil","0","55.500","deg","20.000","°C","100.000","%a.s.","22.080","deg","20.000","°C","976.000","hPa","0.861","-0.02617","0.00035","0","0","13.56","Humid","69.95","1","60.00","284106.20","SABD0001000008","AAV1.0.0.11","2.1.0.443","PSt7-10","171011-002","6/6/2018 8:55:32 AM","1443-01","0","no battery","V"
"07/10/2018","11:56:47","2","default","726512009","O2","7.205","min","215.642","μmol/L","Humid","20.097","deg","150715","µV","25.983","°C","1013.000","hPa","40.0","pmil","0","55.500","deg","20.000","°C","100.000","%a.s.","22.080","deg","20.000","°C","976.000","hPa","0.861","-0.02617","0.00035","0","0","13.56","Humid","69.95","1","60.00","284098.56","SABD0001000008","AAV1.0.0.11","2.1.0.443","PSt7-10","171011-002","6/6/2018 8:55:32 AM","1443-01","0","no battery","V"
"07/10/2018","11:56:48","2","default","726512009","O2","7.222","min","215.700","μmol/L","Humid","20.093","deg","150717","µV","25.987","°C","1013.000","hPa","40.0","pmil","0","55.500","deg","20.000","°C","100.000","%a.s.","22.080","deg","20.000","°C","976.000","hPa","0.861","-0.02617","0.00035","0","0","13.56","Humid","69.95","1","60.00","284092.56","SABD0001000008","AAV1.0.0.11","2.1.0.443","PSt7-10","171011-002","6/6/2018 8:55:32 AM","1443-01","0","no battery","V"
"07/10/2018","11:56:49","2","default","726512009","O2","7.238","min","215.642","μmol/L","Humid","20.094","deg","150710","µV","25.993","°C","1013.000","hPa","40.0","pmil","0","55.500","deg","20.000","°C","100.000","%a.s.","22.080","deg","20.000","°C","976.000","hPa","0.861","-0.02617","0.00035","0","0","13.56","Humid","69.95","1","60.00","284087.61","SABD0001000008","AAV1.0.0.11","2.1.0.443","PSt7-10","171011-002","6/6/2018 8:55:32 AM","1443-01","0","no battery","V"
"07/10/2018","11:56:50","2","default","726512009","O2","7.255","min","215.637","μmol/L","Humid","20.097","deg","150734","µV","25.984","°C","1013.000","hPa","40.0","pmil","0","55.500","deg","20.000","°C","100.000","%a.s.","22.080","deg","20.000","°C","976.000","hPa","0.861","-0.02617","0.00035","0","0","13.56","Humid","69.95","1","60.00","284090.45","SABD0001000008","AAV1.0.0.11","2.1.0.443","PSt7-10","171011-002","6/6/2018 8:55:32 AM","1443-01","0","no battery","V"
"07/10/2018","11:56:51","2","default","726512009","O2","7.273","min","215.657","μmol/L","Humid","20.097","deg","150752","µV","25.981","°C","1013.000","hPa","40.0","pmil","0","55.500","deg","20.000","°C","100.000","%a.s.","22.080","deg","20.000","°C","976.000","hPa","0.861","-0.02617","0.00035","0","0","13.56","Humid","69.95","1","60.00","284106.50","SABD0001000008","AAV1.0.0.11","2.1.0.443","PSt7-10","171011-002","6/6/2018 8:55:32 AM","1443-01","0","no battery","V"
"07/10/2018","11:56:52","2","default","726512009","O2","7.289","min","215.564","μmol/L","Humid","20.101","deg","150746","µV","25.983","°C","1013.000","hPa","40.0","pmil","0","55.500","deg","20.000","°C","100.000","%a.s.","22.080","deg","20.000","°C","976.000","hPa","0.861","-0.02617","0.00035","0","0","13.56","Humid","69.95","1","60.00","284098.42","SABD0001000008","AAV1.0.0.11","2.1.0.443","PSt7-10","171011-002","6/6/2018 8:55:32 AM","1443-01","0","no battery","V"
"07/10/2018","11:56:53","2","default","726512009","O2","7.306","min","215.607","μmol/L","Humid","20.098","deg","150750","µV","25.986","°C","1013.000","hPa","40.0","pmil","0","55.500","deg","20.000","°C","100.000","%a.s.","22.080","deg","20.000","°C","976.000","hPa","0.861","-0.02617","0.00035","0","0","13.56","Humid","69.95","1","60.00","284100.47","SABD0001000008","AAV1.0.0.11","2.1.0.443","PSt7-10","171011-002","6/6/2018 8:55:32 AM","1443-01","0","no battery","V"
"07/10/2018","11:56:54","2","default","726512009","O2","7.322","min","215.518","μmol/L","Humid","20.100","deg","150757","µV","25.994","°C","1013.000","hPa","40.0","pmil","0","55.500","deg","20.000","°C","100.000","%a.s.","22.080","deg","20.000","°C","976.000","hPa","0.861","-0.02617","0.00035","0","0","13.56","Humid","69.95","1","60.00","284093.77","SABD0001000008","AAV1.0.0.11","2.1.0.443","PSt7-10","171011-002","6/6/2018 8:55:32 AM","1443-01","0","no battery","V"
"07/10/2018","11:56:55","2","default","726512009","O2","7.339","min","215.600","μmol/L","Humid","20.099","deg","150773","µV","25.984","°C","1013.000","hPa","40.0","pmil","0","55.500","deg","20.000","°C","100.000","%a.s.","22.080","deg","20.000","°C","976.000","hPa","0.861","-0.02617","0.00035","0","0","13.56","Humid","69.95","1","60.00","284095.88","SABD0001000008","AAV1.0.0.11","2.1.0.443","PSt7-10","171011-002","6/6/2018 8:55:32 AM","1443-01","0","no battery","V"
"07/10/2018","11:56:56","2","default","726512009","O2","7.355","min","215.512","μmol/L","Humid","20.104","deg","150781","µV","25.982","°C","1013.000","hPa","40.0","pmil","0","55.500","deg","20.000","°C","100.000","%a.s.","22.080","deg","20.000","°C","976.000","hPa","0.861","-0.02617","0.00035","0","0","13.56","Humid","69.95","1","60.00","284085.70","SABD0001000008","AAV1.0.0.11","2.1.0.443","PSt7-10","171011-002","6/6/2018 8:55:32 AM","1443-01","0","no battery","V"
"07/10/2018","11:56:57","2","default","726512009","O2","7.372","min","215.562","μmol/L","Humid","20.100","deg","150785","µV","25.987","°C","1013.000","hPa","40.0","pmil","0","55.500","deg","20.000","°C","100.000","%a.s.","22.080","deg","20.000","°C","976.000","hPa","0.861","-0.02617","0.00035","0","0","13.56","Humid","69.95","1","60.00","284100.32","SABD0001000008","AAV1.0.0.11","2.1.0.443","PSt7-10","171011-002","6/6/2018 8:55:32 AM","1443-01","0","no battery","V"
"07/10/2018","11:56:58","2","default","726512009","O2","7.388","min","215.402","μmol/L","Humid","20.104","deg","150800","µV","26.000","°C","1013.000","hPa","40.0","pmil","0","55.500","deg","20.000","°C","100.000","%a.s.","22.080","deg","20.000","°C","976.000","hPa","0.861","-0.02617","0.00035","0","0","13.56","Humid","69.95","1","60.00","284081.52","SABD0001000008","AAV1.0.0.11","2.1.0.443","PSt7-10","171011-002","6/6/2018 8:55:32 AM","1443-01","0","no battery","V"
"07/10/2018","11:56:59","2","default","726512009","O2","7.406","min","215.539","μmol/L","Humid","20.103","deg","150791","µV","25.981","°C","1013.000","hPa","40.0","pmil","0","55.500","deg","20.000","°C","100.000","%a.s.","22.080","deg","20.000","°C","976.000","hPa","0.861","-0.02617","0.00035","0","0","13.56","Humid","69.95","1","60.00","284097.32","SABD0001000008","AAV1.0.0.11","2.1.0.443","PSt7-10","171011-002","6/6/2018 8:55:32 AM","1443-01","0","no battery","V"
"07/10/2018","11:57:00","2","default","726512009","O2","7.422","min","215.495","μmol/L","Humid","20.104","deg","150805","µV","25.985","°C","1013.000","hPa","40.0","pmil","0","55.500","deg","20.000","°C","100.000","%a.s.","22.080","deg","20.000","°C","976.000","hPa","0.861","-0.02617","0.00035","0","0","13.56","Humid","69.95","1","60.00","284098.75","SABD0001000008","AAV1.0.0.11","2.1.0.443","PSt7-10","171011-002","6/6/2018 8:55:32 AM","1443-01","0","no battery","V"
"07/10/2018","11:57:01","2","default","726512009","O2","7.438","min","215.420","μmol/L","Humid","20.108","deg","150813","µV","25.984","°C","1013.000","hPa","40.0","pmil","0","55.500","deg","20.000","°C","100.000","%a.s.","22.080","deg","20.000","°C","976.000","hPa","0.861","-0.02617","0.00035","0","0","13.56","Humid","69.95","1","60.00","284086.98","SABD0001000008","AAV1.0.0.11","2.1.0.443","PSt7-10","171011-002","6/6/2018 8:55:32 AM","1443-01","0","no battery","V"
"07/10/2018","11:57:02","2","default","726512009","O2","7.455","min","215.351","μmol/L","Humid","20.108","deg","150822","µV","25.995","°C","1013.000","hPa","40.0","pmil","0","55.500","deg","20.000","°C","100.000","%a.s.","22.080","deg","20.000","°C","976.000","hPa","0.861","-0.02617","0.00035","0","0","13.56","Humid","69.95","1","60.00","284091.45","SABD0001000008","AAV1.0.0.11","2.1.0.443","PSt7-10","171011-002","6/6/2018 8:55:32 AM","1443-01","0","no battery","V"
"07/10/2018","11:57:03","2","default","726512009","O2","7.473","min","215.415","μmol/L","Humid","20.109","deg","150839","µV","25.982","°C","1013.000","hPa","40.0","pmil","0","55.500","deg","20.000","°C","100.000","%a.s.","22.080","deg","20.000","°C","976.000","hPa","0.861","-0.02617","0.00035","0","0","13.56","Humid","69.95","1","60.00","284095.59","SABD0001000008","AAV1.0.0.11","2.1.0.443","PSt7-10","171011-002","6/6/2018 8:55:32 AM","1443-01","0","no battery","V"
"07/10/2018","11:57:04","2","default","726512009","O2","7.489","min","215.394","μmol/L","Humid","20.108","deg","150842","µV","25.989","°C","1013.000","hPa","40.0","pmil","0","55.500","deg","20.000","°C","100.000","%a.s.","22.080","deg","20.000","°C","976.000","hPa","0.861","-0.02617","0.00035","0","0","13.56","Humid","69.95","1","60.00","284096.95","SABD0001000008","AAV1.0.0.11","2.1.0.443","PSt7-10","171011-002","6/6/2018 8:55:32 AM","1443-01","0","no battery","V"
"07/10/2018","11:57:05","2","default","726512009","O2","7.505","min","215.396","μmol/L","Humid","20.113","deg","150849","µV","25.973","°C","1013.000","hPa","40.0","pmil","0","55.500","deg","20.000","°C","100.000","%a.s.","22.080","deg","20.000","°C","976.000","hPa","0.861","-0.02617","0.00035","0","0","13.56","Humid","69.95","1","60.00","284103.07","SABD0001000008","AAV1.0.0.11","2.1.0.443","PSt7-10","171011-002","6/6/2018 8:55:32 AM","1443-01","0","no battery","V"
"07/10/2018","11:57:06","2","default","726512009","O2","7.522","min","215.468","μmol/L","Humid","20.108","deg","150856","µV","25.977","°C","1013.000","hPa","40.0","pmil","0","55.500","deg","20.000","°C","100.000","%a.s.","22.080","deg","20.000","°C","976.000","hPa","0.861","-0.02617","0.00035","0","0","13.56","Humid","69.95","1","60.00","284103.37","SABD0001000008","AAV1.0.0.11","2.1.0.443","PSt7-10","171011-002","6/6/2018 8:55:32 AM","1443-01","0","no battery","V"
"07/10/2018","11:57:07","2","default","726512009","O2","7.539","min","215.278","μmol/L","Humid","20.110","deg","150868","µV","26.001","°C","1013.000","hPa","40.0","pmil","0","55.500","deg","20.000","°C","100.000","%a.s.","22.080","deg","20.000","°C","976.000","hPa","0.861","-0.02617","0.00035","0","0","13.56","Humid","69.95","1","60.00","284108.30","SABD0001000008","AAV1.0.0.11","2.1.0.443","PSt7-10","171011-002","6/6/2018 8:55:32 AM","1443-01","0","no battery","V"
"07/10/2018","11:57:08","2","default","726512009","O2","7.555","min","215.264","μmol/L","Humid","20.113","deg","150863","µV","25.994","°C","1013.000","hPa","40.0","pmil","0","55.500","deg","20.000","°C","100.000","%a.s.","22.080","deg","20.000","°C","976.000","hPa","0.861","-0.02617","0.00035","0","0","13.56","Humid","69.95","1","60.00","284092.87","SABD0001000008","AAV1.0.0.11","2.1.0.443","PSt7-10","171011-002","6/6/2018 8:55:32 AM","1443-01","0","no battery","V"
"07/10/2018","11:57:09","2","default","726512009","O2","7.572","min","215.235","μmol/L","Humid","20.115","deg","150894","µV","25.992","°C","1013.000","hPa","40.0","pmil","0","55.500","deg","20.000","°C","100.000","%a.s.","22.080","deg","20.000","°C","976.000","hPa","0.861","-0.02617","0.00035","0","0","13.56","Humid","69.95","1","60.00","284095.79","SABD0001000008","AAV1.0.0.11","2.1.0.443","PSt7-10","171011-002","6/6/2018 8:55:32 AM","1443-01","0","no battery","V"
"07/10/2018","11:57:10","2","default","726512009","O2","7.588","min","215.170","μmol/L","Humid","20.116","deg","150876","µV","25.999","°C","1013.000","hPa","40.0","pmil","0","55.500","deg","20.000","°C","100.000","%a.s.","22.080","deg","20.000","°C","976.000","hPa","0.861","-0.02617","0.00035","0","0","13.56","Humid","69.95","1","60.00","284090.29","SABD0001000008","AAV1.0.0.11","2.1.0.443","PSt7-10","171011-002","6/6/2018 8:55:32 AM","1443-01","0","no battery","V"
"07/10/2018","11:57:11","2","default","726512009","O2","7.606","min","215.170","μmol/L","Humid","20.116","deg","150905","µV","25.999","°C","1013.000","hPa","40.0","pmil","0","55.500","deg","20.000","°C","100.000","%a.s.","22.080","deg","20.000","°C","976.000","hPa","0.861","-0.02617","0.00035","0","0","13.56","Humid","69.95","1","60.00","284103.73","SABD0001000008","AAV1.0.0.11","2.1.0.443","PSt7-10","171011-002","6/6/2018 8:55:32 AM","1443-01","0","no battery","V"
"07/10/2018","11:57:12","2","default","726512009","O2","7.622","min","215.193","μmol/L","Humid","20.118","deg","150906","µV","25.989","°C","1013.000","hPa","40.0","pmil","0","55.500","deg","20.000","°C","100.000","%a.s.","22.080","deg","20.000","°C","976.000","hPa","0.861","-0.02617","0.00035","0","0","13.56","Humid","69.95","1","60.00","284092.39","SABD0001000008","AAV1.0.0.11","2.1.0.443","PSt7-10","171011-002","6/6/2018 8:55:32 AM","1443-01","0","no battery","V"
"07/10/2018","11:57:13","2","default","726512009","O2","7.638","min","215.219","μmol/L","Humid","20.117","deg","150902","µV","25.988","°C","1013.000","hPa","40.0","pmil","0","55.500","deg","20.000","°C","100.000","%a.s.","22.080","deg","20.000","°C","976.000","hPa","0.861","-0.02617","0.00035","0","0","13.56","Humid","69.95","1","60.00","284073.08","SABD0001000008","AAV1.0.0.11","2.1.0.443","PSt7-10","171011-002","6/6/2018 8:55:32 AM","1443-01","0","no battery","V"
"07/10/2018","11:57:14","2","default","726512009","O2","7.656","min","215.121","μmol/L","Humid","20.121","deg","150922","µV","25.992","°C","1013.000","hPa","40.0","pmil","0","55.500","deg","20.000","°C","100.000","%a.s.","22.080","deg","20.000","°C","976.000","hPa","0.861","-0.02617","0.00035","0","0","13.56","Humid","69.95","1","60.00","284087.46","SABD0001000008","AAV1.0.0.11","2.1.0.443","PSt7-10","171011-002","6/6/2018 8:55:32 AM","1443-01","0","no battery","V"
"07/10/2018","11:57:15","2","default","726512009","O2","7.672","min","215.132","μmol/L","Humid","20.122","deg","150920","µV","25.987","°C","1013.000","hPa","40.0","pmil","0","55.500","deg","20.000","°C","100.000","%a.s.","22.080","deg","20.000","°C","976.000","hPa","0.861","-0.02617","0.00035","0","0","13.56","Humid","69.95","1","60.00","284087.27","SABD0001000008","AAV1.0.0.11","2.1.0.443","PSt7-10","171011-002","6/6/2018 8:55:32 AM","1443-01","0","no battery","V"
"07/10/2018","11:57:16","2","default","726512009","O2","7.689","min","215.093","μmol/L","Humid","20.120","deg","150921","µV","25.999","°C","1013.000","hPa","40.0","pmil","0","55.500","deg","20.000","°C","100.000","%a.s.","22.080","deg","20.000","°C","976.000","hPa","0.861","-0.02617","0.00035","0","0","13.56","Humid","69.95","1","60.00","284088.43","SABD0001000008","AAV1.0.0.11","2.1.0.443","PSt7-10","171011-002","6/6/2018 8:55:32 AM","1443-01","0","no battery","V"
"07/10/2018","11:57:17","2","default","726512009","O2","7.706","min","215.044","μmol/L","Humid","20.122","deg","150937","µV","26.001","°C","1013.000","hPa","40.0","pmil","0","55.500","deg","20.000","°C","100.000","%a.s.","22.080","deg","20.000","°C","976.000","hPa","0.861","-0.02617","0.00035","0","0","13.56","Humid","69.95","1","60.00","284084.76","SABD0001000008","AAV1.0.0.11","2.1.0.443","PSt7-10","171011-002","6/6/2018 8:55:32 AM","1443-01","0","no battery","V"
"07/10/2018","11:57:18","2","default","726512009","O2","7.722","min","215.123","μmol/L","Humid","20.120","deg","150933","µV","25.994","°C","1013.000","hPa","40.0","pmil","0","55.500","deg","20.000","°C","100.000","%a.s.","22.080","deg","20.000","°C","976.000","hPa","0.861","-0.02617","0.00035","0","0","13.56","Humid","69.95","1","60.00","284084.15","SABD0001000008","AAV1.0.0.11","2.1.0.443","PSt7-10","171011-002","6/6/2018 8:55:32 AM","1443-01","0","no battery","V"
"07/10/2018","11:57:19","2","default","726512009","O2","7.738","min","215.129","μmol/L","Humid","20.124","deg","150950","µV","25.981","°C","1013.000","hPa","40.0","pmil","0","55.500","deg","20.000","°C","100.000","%a.s.","22.080","deg","20.000","°C","976.000","hPa","0.861","-0.02617","0.00035","0","0","13.56","Humid","69.95","1","60.00","284093.48","SABD0001000008","AAV1.0.0.11","2.1.0.443","PSt7-10","171011-002","6/6/2018 8:55:32 AM","1443-01","0","no battery","V"
"07/10/2018","11:57:20","2","default","726512009","O2","7.755","min","215.107","μmol/L","Humid","20.123","deg","150958","µV","25.988","°C","1013.000","hPa","40.0","pmil","0","55.500","deg","20.000","°C","100.000","%a.s.","22.080","deg","20.000","°C","976.000","hPa","0.861","-0.02617","0.00035","0","0","13.56","Humid","69.95","1","60.00","284092.99","SABD0001000008","AAV1.0.0.11","2.1.0.443","PSt7-10","171011-002","6/6/2018 8:55:32 AM","1443-01","0","no battery","V"
"07/10/2018","11:57:21","2","default","726512009","O2","7.772","min","215.005","μmol/L","Humid","20.125","deg","150959","µV","25.998","°C","1013.000","hPa","40.0","pmil","0","55.500","deg","20.000","°C","100.000","%a.s.","22.080","deg","20.000","°C","976.000","hPa","0.861","-0.02617","0.00035","0","0","13.56","Humid","69.95","1","60.00","284096.17","SABD0001000008","AAV1.0.0.11","2.1.0.443","PSt7-10","171011-002","6/6/2018 8:55:32 AM","1443-01","0","no battery","V"
"07/10/2018","11:57:22","2","default","726512009","O2","7.789","min","214.964","μmol/L","Humid","20.128","deg","150976","µV","25.995","°C","1013.000","hPa","40.0","pmil","0","55.500","deg","20.000","°C","100.000","%a.s.","22.080","deg","20.000","°C","976.000","hPa","0.861","-0.02617","0.00035","0","0","13.56","Humid","69.95","1","60.00","284087.79","SABD0001000008","AAV1.0.0.11","2.1.0.443","PSt7-10","171011-002","6/6/2018 8:55:32 AM","1443-01","0","no battery","V"
"07/10/2018","11:57:23","2","default","726512009","O2","7.805","min","215.077","μmol/L","Humid","20.128","deg","150973","µV","25.977","°C","1013.000","hPa","40.0","pmil","0","55.500","deg","20.000","°C","100.000","%a.s.","22.080","deg","20.000","°C","976.000","hPa","0.861","-0.02617","0.00035","0","0","13.56","Humid","69.95","1","60.00","284079.05","SABD0001000008","AAV1.0.0.11","2.1.0.443","PSt7-10","171011-002","6/6/2018 8:55:32 AM","1443-01","0","no battery","V"
"07/10/2018","11:57:24","2","default","726512009","O2","7.822","min","215.011","μmol/L","Humid","20.130","deg","150989","µV","25.981","°C","1013.000","hPa","40.0","pmil","0","55.500","deg","20.000","°C","100.000","%a.s.","22.080","deg","20.000","°C","976.000","hPa","0.861","-0.02617","0.00035","0","0","13.56","Humid","69.95","1","60.00","284087.87","SABD0001000008","AAV1.0.0.11","2.1.0.443","PSt7-10","171011-002","6/6/2018 8:55:32 AM","1443-01","0","no battery","V"
"07/10/2018","11:57:25","2","default","726512009","O2","7.839","min","214.975","μmol/L","Humid","20.132","deg","150996","µV","25.981","°C","1013.000","hPa","40.0","pmil","0","55.500","deg","20.000","°C","100.000","%a.s.","22.080","deg","20.000","°C","976.000","hPa","0.861","-0.02617","0.00035","0","0","13.56","Humid","69.95","1","60.00","284078.78","SABD0001000008","AAV1.0.0.11","2.1.0.443","PSt7-10","171011-002","6/6/2018 8:55:32 AM","1443-01","0","no battery","V"
"07/10/2018","11:57:26","2","default","726512009","O2","7.855","min","214.934","μmol/L","Humid","20.128","deg","150990","µV","25.999","°C","1013.000","hPa","40.0","pmil","0","55.500","deg","20.000","°C","100.000","%a.s.","22.080","deg","20.000","°C","976.000","hPa","0.861","-0.02617","0.00035","0","0","13.56","Humid","69.95","1","60.00","284081.78","SABD0001000008","AAV1.0.0.11","2.1.0.443","PSt7-10","171011-002","6/6/2018 8:55:32 AM","1443-01","0","no battery","V"
"07/10/2018","11:57:27","2","default","726512009","O2","7.872","min","214.938","μmol/L","Humid","20.129","deg","151013","µV","25.996","°C","1013.000","hPa","40.0","pmil","0","55.500","deg","20.000","°C","100.000","%a.s.","22.080","deg","20.000","°C","976.000","hPa","0.861","-0.02617","0.00035","0","0","13.56","Humid","69.95","1","60.00","284083.96","SABD0001000008","AAV1.0.0.11","2.1.0.443","PSt7-10","171011-002","6/6/2018 8:55:32 AM","1443-01","0","no battery","V"
"07/10/2018","11:57:28","2","default","726512009","O2","7.889","min","214.868","μmol/L","Humid","20.132","deg","151019","µV","25.997","°C","1013.000","hPa","40.0","pmil","0","55.500","deg","20.000","°C","100.000","%a.s.","22.080","deg","20.000","°C","976.000","hPa","0.861","-0.02617","0.00035","0","0","13.56","Humid","69.95","1","60.00","284074.59","SABD0001000008","AAV1.0.0.11","2.1.0.443","PSt7-10","171011-002","6/6/2018 8:55:32 AM","1443-01","0","no battery","V"
"07/10/2018","11:57:29","2","default","726512009","O2","7.905","min","214.915","μmol/L","Humid","20.131","deg","151021","µV","25.993","°C","1013.000","hPa","40.0","pmil","0","55.500","deg","20.000","°C","100.000","%a.s.","22.080","deg","20.000","°C","976.000","hPa","0.861","-0.02617","0.00035","0","0","13.56","Humid","69.95","1","60.00","284079.63","SABD0001000008","AAV1.0.0.11","2.1.0.443","PSt7-10","171011-002","6/6/2018 8:55:32 AM","1443-01","0","no battery","V"
"07/10/2018","11:57:30","2","default","726512009","O2","7.922","min","214.720","μmol/L","Humid","20.136","deg","151033","µV","26.009","°C","1013.000","hPa","40.0","pmil","0","55.500","deg","20.000","°C","100.000","%a.s.","22.080","deg","20.000","°C","976.000","hPa","0.861","-0.02617","0.00035","0","0","13.56","Humid","69.95","1","60.00","284088.40","SABD0001000008","AAV1.0.0.11","2.1.0.443","PSt7-10","171011-002","6/6/2018 8:55:32 AM","1443-01","0","no battery","V"
"07/10/2018","11:57:31","2","default","726512009","O2","7.939","min","214.839","μmol/L","Humid","20.134","deg","151045","µV","25.996","°C","1013.000","hPa","40.0","pmil","0","55.500","deg","20.000","°C","100.000","%a.s.","22.080","deg","20.000","°C","976.000","hPa","0.861","-0.02617","0.00035","0","0","13.56","Humid","69.95","1","60.00","284076.61","SABD0001000008","AAV1.0.0.11","2.1.0.443","PSt7-10","171011-002","6/6/2018 8:55:32 AM","1443-01","0","no battery","V"
"07/10/2018","11:57:32","2","default","726512009","O2","7.955","min","214.716","μmol/L","Humid","20.137","deg","151044","µV","26.006","°C","1013.000","hPa","40.0","pmil","0","55.500","deg","20.000","°C","100.000","%a.s.","22.080","deg","20.000","°C","976.000","hPa","0.861","-0.02617","0.00035","0","0","13.56","Humid","69.95","1","60.00","284084.12","SABD0001000008","AAV1.0.0.11","2.1.0.443","PSt7-10","171011-002","6/6/2018 8:55:32 AM","1443-01","0","no battery","V"
"07/10/2018","11:57:33","2","default","726512009","O2","7.972","min","214.692","μmol/L","Humid","20.138","deg","151064","µV","26.007","°C","1013.000","hPa","40.0","pmil","0","55.500","deg","20.000","°C","100.000","%a.s.","22.080","deg","20.000","°C","976.000","hPa","0.861","-0.02617","0.00035","0","0","13.56","Humid","69.95","1","60.00","284079.36","SABD0001000008","AAV1.0.0.11","2.1.0.443","PSt7-10","171011-002","6/6/2018 8:55:32 AM","1443-01","0","no battery","V"
"07/10/2018","11:57:34","2","default","726512009","O2","7.988","min","214.733","μmol/L","Humid","20.141","deg","151060","µV","25.991","°C","1013.000","hPa","40.0","pmil","0","55.500","deg","20.000","°C","100.000","%a.s.","22.080","deg","20.000","°C","976.000","hPa","0.861","-0.02617","0.00035","0","0","13.56","Humid","69.95","1","60.00","284079.72","SABD0001000008","AAV1.0.0.11","2.1.0.443","PSt7-10","171011-002","6/6/2018 8:55:32 AM","1443-01","0","no battery","V"
"07/10/2018","11:57:35","2","default","726512009","O2","8.005","min","214.736","μmol/L","Humid","20.142","deg","151076","µV","25.988","°C","1013.000","hPa","40.0","pmil","0","55.500","deg","20.000","°C","100.000","%a.s.","22.080","deg","20.000","°C","976.000","hPa","0.861","-0.02617","0.00035","0","0","13.56","Humid","69.95","1","60.00","284079.41","SABD0001000008","AAV1.0.0.11","2.1.0.443","PSt7-10","171011-002","6/6/2018 8:55:32 AM","1443-01","0","no battery","V"
"07/10/2018","11:57:36","2","default","726512009","O2","8.022","min","214.761","μmol/L","Humid","20.140","deg","151076","µV","25.990","°C","1013.000","hPa","40.0","pmil","0","55.500","deg","20.000","°C","100.000","%a.s.","22.080","deg","20.000","°C","976.000","hPa","0.861","-0.02617","0.00035","0","0","13.56","Humid","69.95","1","60.00","284080.01","SABD0001000008","AAV1.0.0.11","2.1.0.443","PSt7-10","171011-002","6/6/2018 8:55:32 AM","1443-01","0","no battery","V"
"07/10/2018","11:57:37","2","default","726512009","O2","8.038","min","214.652","μmol/L","Humid","20.142","deg","151080","µV","26.001","°C","1013.000","hPa","40.0","pmil","0","55.500","deg","20.000","°C","100.000","%a.s.","22.080","deg","20.000","°C","976.000","hPa","0.861","-0.02617","0.00035","0","0","13.56","Humid","69.95","1","60.00","284070.41","SABD0001000008","AAV1.0.0.11","2.1.0.443","PSt7-10","171011-002","6/6/2018 8:55:32 AM","1443-01","0","no battery","V"
"07/10/2018","11:57:38","2","default","726512009","O2","8.055","min","214.773","μmol/L","Humid","20.141","deg","151098","µV","25.985","°C","1013.000","hPa","40.0","pmil","0","55.500","deg","20.000","°C","100.000","%a.s.","22.080","deg","20.000","°C","976.000","hPa","0.861","-0.02617","0.00035","0","0","13.56","Humid","69.95","1","60.00","284083.98","SABD0001000008","AAV1.0.0.11","2.1.0.443","PSt7-10","171011-002","6/6/2018 8:55:32 AM","1443-01","0","no battery","V"
"07/10/2018","11:57:39","2","default","726512009","O2","8.072","min","214.664","μmol/L","Humid","20.147","deg","151104","µV","25.984","°C","1013.000","hPa","40.0","pmil","0","55.500","deg","20.000","°C","100.000","%a.s.","22.080","deg","20.000","°C","976.000","hPa","0.861","-0.02617","0.00035","0","0","13.56","Humid","69.95","1","60.00","284073.07","SABD0001000008","AAV1.0.0.11","2.1.0.443","PSt7-10","171011-002","6/6/2018 8:55:32 AM","1443-01","0","no battery","V"
"07/10/2018","11:57:40","2","default","726512009","O2","8.089","min","214.623","μmol/L","Humid","20.145","deg","151115","µV","25.996","°C","1013.000","hPa","40.0","pmil","0","55.500","deg","20.000","°C","100.000","%a.s.","22.080","deg","20.000","°C","976.000","hPa","0.861","-0.02617","0.00035","0","0","13.56","Humid","69.95","1","60.00","284077.67","SABD0001000008","AAV1.0.0.11","2.1.0.443","PSt7-10","171011-002","6/6/2018 8:55:32 AM","1443-01","0","no battery","V"
"07/10/2018","11:57:41","2","default","726512009","O2","8.105","min","214.626","μmol/L","Humid","20.145","deg","151122","µV","25.996","°C","1013.000","hPa","40.0","pmil","0","55.500","deg","20.000","°C","100.000","%a.s.","22.080","deg","20.000","°C","976.000","hPa","0.861","-0.02617","0.00035","0","0","13.56","Humid","69.95","1","60.00","284069.73","SABD0001000008","AAV1.0.0.11","2.1.0.443","PSt7-10","171011-002","6/6/2018 8:55:32 AM","1443-01","0","no battery","V"
"07/10/2018","11:57:42","2","default","726512009","O2","8.122","min","214.550","μmol/L","Humid","20.148","deg","151122","µV","25.998","°C","1013.000","hPa","40.0","pmil","0","55.500","deg","20.000","°C","100.000","%a.s.","22.080","deg","20.000","°C","976.000","hPa","0.861","-0.02617","0.00035","0","0","13.56","Humid","69.95","1","60.00","284066.78","SABD0001000008","AAV1.0.0.11","2.1.0.443","PSt7-10","171011-002","6/6/2018 8:55:32 AM","1443-01","0","no battery","V"
"07/10/2018","11:57:43","2","default","726512009","O2","8.139","min","214.779","μmol/L","Humid","20.142","deg","151133","µV","25.981","°C","1013.000","hPa","40.0","pmil","0","55.500","deg","20.000","°C","100.000","%a.s.","22.080","deg","20.000","°C","976.000","hPa","0.861","-0.02617","0.00035","0","0","13.56","Humid","69.95","1","60.00","284065.48","SABD0001000008","AAV1.0.0.11","2.1.0.443","PSt7-10","171011-002","6/6/2018 8:55:32 AM","1443-01","0","no battery","V"
"07/10/2018","11:57:44","2","default","726512009","O2","8.155","min","214.448","μmol/L","Humid","20.149","deg","151137","µV","26.012","°C","1013.000","hPa","40.0","pmil","0","55.500","deg","20.000","°C","100.000","%a.s.","22.080","deg","20.000","°C","976.000","hPa","0.861","-0.02617","0.00035","0","0","13.56","Humid","69.95","1","60.00","284070.75","SABD0001000008","AAV1.0.0.11","2.1.0.443","PSt7-10","171011-002","6/6/2018 8:55:32 AM","1443-01","0","no battery","V"
"07/10/2018","11:57:45","2","default","726512009","O2","8.172","min","214.462","μmol/L","Humid","20.148","deg","151150","µV","26.013","°C","1013.000","hPa","40.0","pmil","0","55.500","deg","20.000","°C","100.000","%a.s.","22.080","deg","20.000","°C","976.000","hPa","0.861","-0.02617","0.00035","0","0","13.56","Humid","69.95","1","60.00","284073.48","SABD0001000008","AAV1.0.0.11","2.1.0.443","PSt7-10","171011-002","6/6/2018 8:55:32 AM","1443-01","0","no battery","V"
"07/10/2018","11:57:46","2","default","726512009","O2","8.189","min","214.487","μmol/L","Humid","20.152","deg","151147","µV","25.996","°C","1013.000","hPa","40.0","pmil","0","55.500","deg","20.000","°C","100.000","%a.s.","22.080","deg","20.000","°C","976.000","hPa","0.861","-0.02617","0.00035","0","0","13.56","Humid","69.95","1","60.00","284070.34","SABD0001000008","AAV1.0.0.11","2.1.0.443","PSt7-10","171011-002","6/6/2018 8:55:32 AM","1443-01","0","no battery","V"
"07/10/2018","11:57:47","2","default","726512009","O2","8.205","min","214.552","μmol/L","Humid","20.152","deg","151165","µV","25.986","°C","1013.000","hPa","40.0","pmil","0","55.500","deg","20.000","°C","100.000","%a.s.","22.080","deg","20.000","°C","976.000","hPa","0.861","-0.02617","0.00035","0","0","13.56","Humid","69.95","1","60.00","284075.38","SABD0001000008","AAV1.0.0.11","2.1.0.443","PSt7-10","171011-002","6/6/2018 8:55:32 AM","1443-01","0","no battery","V"
"07/10/2018","11:57:48","2","default","726512009","O2","8.222","min","214.471","μmol/L","Humid","20.153","deg","151171","µV","25.996","°C","1013.000","hPa","40.0","pmil","0","55.500","deg","20.000","°C","100.000","%a.s.","22.080","deg","20.000","°C","976.000","hPa","0.861","-0.02617","0.00035","0","0","13.56","Humid","69.95","1","60.00","284057.84","SABD0001000008","AAV1.0.0.11","2.1.0.443","PSt7-10","171011-002","6/6/2018 8:55:32 AM","1443-01","0","no battery","V"
"07/10/2018","11:57:49","2","default","726512009","O2","8.239","min","214.430","μmol/L","Humid","20.154","deg","151184","µV","25.999","°C","1013.000","hPa","40.0","pmil","0","55.500","deg","20.000","°C","100.000","%a.s.","22.080","deg","20.000","°C","976.000","hPa","0.861","-0.02617","0.00035","0","0","13.56","Humid","69.95","1","60.00","284073.91","SABD0001000008","AAV1.0.0.11","2.1.0.443","PSt7-10","171011-002","6/6/2018 8:55:32 AM","1443-01","0","no battery","V"
"07/10/2018","11:57:50","2","default","726512009","O2","8.256","min","214.462","μmol/L","Humid","20.151","deg","151191","µV","26.003","°C","1013.000","hPa","40.0","pmil","0","55.500","deg","20.000","°C","100.000","%a.s.","22.080","deg","20.000","°C","976.000","hPa","0.861","-0.02617","0.00035","0","0","13.56","Humid","69.95","1","60.00","284082.07","SABD0001000008","AAV1.0.0.11","2.1.0.443","PSt7-10","171011-002","6/6/2018 8:55:32 AM","1443-01","0","no battery","V"
"07/10/2018","11:57:51","2","default","726512009","O2","8.272","min","214.335","μmol/L","Humid","20.158","deg","151200","µV","26.002","°C","1013.000","hPa","40.0","pmil","0","55.500","deg","20.000","°C","100.000","%a.s.","22.080","deg","20.000","°C","976.000","hPa","0.861","-0.02617","0.00035","0","0","13.56","Humid","69.95","1","60.00","284073.08","SABD0001000008","AAV1.0.0.11","2.1.0.443","PSt7-10","171011-002","6/6/2018 8:55:32 AM","1443-01","0","no battery","V"
"07/10/2018","11:57:52","2","default","726512009","O2","8.289","min","214.483","μmol/L","Humid","20.153","deg","151198","µV","25.994","°C","1013.000","hPa","40.0","pmil","0","55.500","deg","20.000","°C","100.000","%a.s.","22.080","deg","20.000","°C","976.000","hPa","0.861","-0.02617","0.00035","0","0","13.56","Humid","69.95","1","60.00","284065.29","SABD0001000008","AAV1.0.0.11","2.1.0.443","PSt7-10","171011-002","6/6/2018 8:55:32 AM","1443-01","0","no battery","V"
"07/10/2018","11:57:53","2","default","726512009","O2","8.306","min","214.442","μmol/L","Humid","20.154","deg","151213","µV","25.997","°C","1013.000","hPa","40.0","pmil","0","55.500","deg","20.000","°C","100.000","%a.s.","22.080","deg","20.000","°C","976.000","hPa","0.861","-0.02617","0.00035","0","0","13.56","Humid","69.95","1","60.00","284068.35","SABD0001000008","AAV1.0.0.11","2.1.0.443","PSt7-10","171011-002","6/6/2018 8:55:32 AM","1443-01","0","no battery","V"
"07/10/2018","11:57:54","2","default","726512009","O2","8.322","min","214.401","μmol/L","Humid","20.157","deg","151219","µV","25.994","°C","1013.000","hPa","40.0","pmil","0","55.500","deg","20.000","°C","100.000","%a.s.","22.080","deg","20.000","°C","976.000","hPa","0.861","-0.02617","0.00035","0","0","13.56","Humid","69.95","1","60.00","284062.86","SABD0001000008","AAV1.0.0.11","2.1.0.443","PSt7-10","171011-002","6/6/2018 8:55:32 AM","1443-01","0","no battery","V"
"07/10/2018","11:57:55","2","default","726512009","O2","8.339","min","214.240","μmol/L","Humid","20.159","deg","151226","µV","26.014","°C","1013.000","hPa","40.0","pmil","0","55.500","deg","20.000","°C","100.000","%a.s.","22.080","deg","20.000","°C","976.000","hPa","0.861","-0.02617","0.00035","0","0","13.56","Humid","69.95","1","60.00","284061.63","SABD0001000008","AAV1.0.0.11","2.1.0.443","PSt7-10","171011-002","6/6/2018 8:55:32 AM","1443-01","0","no battery","V"
"07/10/2018","11:57:56","2","default","726512009","O2","8.355","min","214.245","μmol/L","Humid","20.161","deg","151233","µV","26.007","°C","1013.000","hPa","40.0","pmil","0","55.500","deg","20.000","°C","100.000","%a.s.","22.080","deg","20.000","°C","976.000","hPa","0.861","-0.02617","0.00035","0","0","13.56","Humid","69.95","1","60.00","284069.60","SABD0001000008","AAV1.0.0.11","2.1.0.443","PSt7-10","171011-002","6/6/2018 8:55:32 AM","1443-01","0","no battery","V"
"07/10/2018","11:57:57","2","default","726512009","O2","8.372","min","214.211","μmol/L","Humid","20.162","deg","151239","µV","26.009","°C","1013.000","hPa","40.0","pmil","0","55.500","deg","20.000","°C","100.000","%a.s.","22.080","deg","20.000","°C","976.000","hPa","0.861","-0.02617","0.00035","0","0","13.56","Humid","69.95","1","60.00","284076.55","SABD0001000008","AAV1.0.0.11","2.1.0.443","PSt7-10","171011-002","6/6/2018 8:55:32 AM","1443-01","0","no battery","V"
"07/10/2018","11:57:58","2","default","726512009","O2","8.389","min","214.286","μmol/L","Humid","20.161","deg","151244","µV","26.000","°C","1013.000","hPa","40.0","pmil","0","55.500","deg","20.000","°C","100.000","%a.s.","22.080","deg","20.000","°C","976.000","hPa","0.861","-0.02617","0.00035","0","0","13.56","Humid","69.95","1","60.00","284070.22","SABD0001000008","AAV1.0.0.11","2.1.0.443","PSt7-10","171011-002","6/6/2018 8:55:32 AM","1443-01","0","no battery","V"
"07/10/2018","11:57:59","2","default","726512009","O2","8.405","min","214.291","μmol/L","Humid","20.162","deg","151252","µV","25.996","°C","1013.000","hPa","40.0","pmil","0","55.500","deg","20.000","°C","100.000","%a.s.","22.080","deg","20.000","°C","976.000","hPa","0.861","-0.02617","0.00035","0","0","13.56","Humid","69.95","1","60.00","284066.25","SABD0001000008","AAV1.0.0.11","2.1.0.443","PSt7-10","171011-002","6/6/2018 8:55:32 AM","1443-01","0","no battery","V"
"07/10/2018","11:58:00","2","default","726512009","O2","8.422","min","214.190","μmol/L","Humid","20.165","deg","151262","µV","26.003","°C","1013.000","hPa","40.0","pmil","0","55.500","deg","20.000","°C","100.000","%a.s.","22.080","deg","20.000","°C","976.000","hPa","0.861","-0.02617","0.00035","0","0","13.56","Humid","69.95","1","60.00","284064.88","SABD0001000008","AAV1.0.0.11","2.1.0.443","PSt7-10","171011-002","6/6/2018 8:55:32 AM","1443-01","0","no battery","V"
"07/10/2018","11:58:01","2","default","726512009","O2","8.438","min","214.070","μmol/L","Humid","20.169","deg","151272","µV","26.010","°C","1013.000","hPa","40.0","pmil","0","55.500","deg","20.000","°C","100.000","%a.s.","22.080","deg","20.000","°C","976.000","hPa","0.861","-0.02617","0.00035","0","0","13.56","Humid","69.95","1","60.00","284067.90","SABD0001000008","AAV1.0.0.11","2.1.0.443","PSt7-10","171011-002","6/6/2018 8:55:32 AM","1443-01","0","no battery","V"
"07/10/2018","11:58:02","2","default","726512009","O2","8.455","min","214.191","μmol/L","Humid","20.168","deg","151286","µV","25.994","°C","1013.000","hPa","40.0","pmil","0","55.500","deg","20.000","°C","100.000","%a.s.","22.080","deg","20.000","°C","976.000","hPa","0.861","-0.02617","0.00035","0","0","13.56","Humid","69.95","1","60.00","284073.04","SABD0001000008","AAV1.0.0.11","2.1.0.443","PSt7-10","171011-002","6/6/2018 8:55:32 AM","1443-01","0","no battery","V"
"07/10/2018","11:58:03","2","default","726512009","O2","8.472","min","214.216","μmol/L","Humid","20.168","deg","151289","µV","25.990","°C","1013.000","hPa","40.0","pmil","0","55.500","deg","20.000","°C","100.000","%a.s.","22.080","deg","20.000","°C","976.000","hPa","0.861","-0.02617","0.00035","0","0","13.56","Humid","69.95","1","60.00","284062.62","SABD0001000008","AAV1.0.0.11","2.1.0.443","PSt7-10","171011-002","6/6/2018 8:55:32 AM","1443-01","0","no battery","V"
"07/10/2018","11:58:04","2","default","726512009","O2","8.489","min","214.048","μmol/L","Humid","20.171","deg","151308","µV","26.007","°C","1013.000","hPa","40.0","pmil","0","55.500","deg","20.000","°C","100.000","%a.s.","22.080","deg","20.000","°C","976.000","hPa","0.861","-0.02617","0.00035","0","0","13.56","Humid","69.95","1","60.00","284069.36","SABD0001000008","AAV1.0.0.11","2.1.0.443","PSt7-10","171011-002","6/6/2018 8:55:32 AM","1443-01","0","no battery","V"
"07/10/2018","11:58:05","2","default","726512009","O2","8.505","min","214.014","μmol/L","Humid","20.171","deg","151306","µV","26.013","°C","1013.000","hPa","40.0","pmil","0","55.500","deg","20.000","°C","100.000","%a.s.","22.080","deg","20.000","°C","976.000","hPa","0.861","-0.02617","0.00035","0","0","13.56","Humid","69.95","1","60.00","284067.52","SABD0001000008","AAV1.0.0.11","2.1.0.443","PSt7-10","171011-002","6/6/2018 8:55:32 AM","1443-01","0","no battery","V"
"07/10/2018","11:58:06","2","default","726512009","O2","8.522","min","213.991","μmol/L","Humid","20.172","deg","151314","µV","26.013","°C","1013.000","hPa","40.0","pmil","0","55.500","deg","20.000","°C","100.000","%a.s.","22.080","deg","20.000","°C","976.000","hPa","0.861","-0.02617","0.00035","0","0","13.56","Humid","69.95","1","60.00","284066.67","SABD0001000008","AAV1.0.0.11","2.1.0.443","PSt7-10","171011-002","6/6/2018 8:55:32 AM","1443-01","0","no battery","V"
"07/10/2018","11:58:07","2","default","726512009","O2","8.539","min","213.989","μmol/L","Humid","20.171","deg","151319","µV","26.017","°C","1013.000","hPa","40.0","pmil","0","55.500","deg","20.000","°C","100.000","%a.s.","22.080","deg","20.000","°C","976.000","hPa","0.861","-0.02617","0.00035","0","0","13.56","Humid","69.95","1","60.00","284067.01","SABD0001000008","AAV1.0.0.11","2.1.0.443","PSt7-10","171011-002","6/6/2018 8:55:32 AM","1443-01","0","no battery","V"
"07/10/2018","11:58:08","2","default","726512009","O2","8.556","min","214.094","μmol/L","Humid","20.173","deg","151325","µV","25.994","°C","1013.000","hPa","40.0","pmil","0","55.500","deg","20.000","°C","100.000","%a.s.","22.080","deg","20.000","°C","976.000","hPa","0.861","-0.02617","0.00035","0","0","13.56","Humid","69.95","1","60.00","284048.83","SABD0001000008","AAV1.0.0.11","2.1.0.443","PSt7-10","171011-002","6/6/2018 8:55:32 AM","1443-01","0","no battery","V"
"07/10/2018","11:58:09","2","default","726512009","O2","8.572","min","213.981","μmol/L","Humid","20.174","deg","151331","µV","26.009","°C","1013.000","hPa","40.0","pmil","0","55.500","deg","20.000","°C","100.000","%a.s.","22.080","deg","20.000","°C","976.000","hPa","0.861","-0.02617","0.00035","0","0","13.56","Humid","69.95","1","60.00","284076.52","SABD0001000008","AAV1.0.0.11","2.1.0.443","PSt7-10","171011-002","6/6/2018 8:55:32 AM","1443-01","0","no battery","V"
"07/10/2018","11:58:10","2","default","726512009","O2","8.588","min","213.978","μmol/L","Humid","20.174","deg","151350","µV","26.009","°C","1013.000","hPa","40.0","pmil","0","55.500","deg","20.000","°C","100.000","%a.s.","22.080","deg","20.000","°C","976.000","hPa","0.861","-0.02617","0.00035","0","0","13.56","Humid","69.95","1","60.00","284071.02","SABD0001000008","AAV1.0.0.11","2.1.0.443","PSt7-10","171011-002","6/6/2018 8:55:32 AM","1443-01","0","no battery","V"
"07/10/2018","11:58:11","2","default","726512009","O2","8.605","min","214.043","μmol/L","Humid","20.175","deg","151364","µV","25.996","°C","1013.000","hPa","40.0","pmil","0","55.500","deg","20.000","°C","100.000","%a.s.","22.080","deg","20.000","°C","976.000","hPa","0.861","-0.02617","0.00035","0","0","13.56","Humid","69.95","1","60.00","284069.30","SABD0001000008","AAV1.0.0.11","2.1.0.443","PSt7-10","171011-002","6/6/2018 8:55:32 AM","1443-01","0","no battery","V"
"07/10/2018","11:58:12","2","default","726512009","O2","8.622","min","214.047","μmol/L","Humid","20.176","deg","151360","µV","25.992","°C","1013.000","hPa","40.0","pmil","0","55.500","deg","20.000","°C","100.000","%a.s.","22.080","deg","20.000","°C","976.000","hPa","0.861","-0.02617","0.00035","0","0","13.56","Humid","69.95","1","60.00","284056.52","SABD0001000008","AAV1.0.0.11","2.1.0.443","PSt7-10","171011-002","6/6/2018 8:55:32 AM","1443-01","0","no battery","V"
"07/10/2018","11:58:13","2","default","726512009","O2","8.639","min","213.992","μmol/L","Humid","20.178","deg","151385","µV","25.995","°C","1013.000","hPa","40.0","pmil","0","55.500","deg","20.000","°C","100.000","%a.s.","22.080","deg","20.000","°C","976.000","hPa","0.861","-0.02617","0.00035","0","0","13.56","Humid","69.95","1","60.00","284074.45","SABD0001000008","AAV1.0.0.11","2.1.0.443","PSt7-10","171011-002","6/6/2018 8:55:32 AM","1443-01","0","no battery","V"
"07/10/2018","11:58:14","2","default","726512009","O2","8.656","min","213.794","μmol/L","Humid","20.182","deg","151384","µV","26.014","°C","1013.000","hPa","40.0","pmil","0","55.500","deg","20.000","°C","100.000","%a.s.","22.080","deg","20.000","°C","976.000","hPa","0.861","-0.02617","0.00035","0","0","13.56","Humid","69.95","1","60.00","284065.15","SABD0001000008","AAV1.0.0.11","2.1.0.443","PSt7-10","171011-002","6/6/2018 8:55:32 AM","1443-01","0","no battery","V"
"07/10/2018","11:58:15","2","default","726512009","O2","8.672","min","213.920","μmol/L","Humid","20.178","deg","151396","µV","26.006","°C","1013.000","hPa","40.0","pmil","0","55.500","deg","20.000","°C","100.000","%a.s.","22.080","deg","20.000","°C","976.000","hPa","0.861","-0.02617","0.00035","0","0","13.56","Humid","69.95","1","60.00","284067.91","SABD0001000008","AAV1.0.0.11","2.1.0.443","PSt7-10","171011-002","6/6/2018 8:55:32 AM","1443-01","0","no battery","V"
"07/10/2018","11:58:16","2","default","726512009","O2","8.689","min","213.909","μmol/L","Humid","20.179","deg","151401","µV","26.005","°C","1013.000","hPa","40.0","pmil","0","55.500","deg","20.000","°C","100.000","%a.s.","22.080","deg","20.000","°C","976.000","hPa","0.861","-0.02617","0.00035","0","0","13.56","Humid","69.95","1","60.00","284063.17","SABD0001000008","AAV1.0.0.11","2.1.0.443","PSt7-10","171011-002","6/6/2018 8:55:32 AM","1443-01","0","no battery","V"
"07/10/2018","11:58:17","2","default","726512009","O2","8.705","min","213.844","μmol/L","Humid","20.182","deg","151409","µV","26.006","°C","1013.000","hPa","40.0","pmil","0","55.500","deg","20.000","°C","100.000","%a.s.","22.080","deg","20.000","°C","976.000","hPa","0.861","-0.02617","0.00035","0","0","13.56","Humid","69.95","1","60.00","284068.07","SABD0001000008","AAV1.0.0.11","2.1.0.443","PSt7-10","171011-002","6/6/2018 8:55:32 AM","1443-01","0","no battery","V"
"07/10/2018","11:58:18","2","default","726512009","O2","8.722","min","213.815","μmol/L","Humid","20.182","deg","151419","µV","26.010","°C","1013.000","hPa","40.0","pmil","0","55.500","deg","20.000","°C","100.000","%a.s.","22.080","deg","20.000","°C","976.000","hPa","0.861","-0.02617","0.00035","0","0","13.56","Humid","69.95","1","60.00","284066.46","SABD0001000008","AAV1.0.0.11","2.1.0.443","PSt7-10","171011-002","6/6/2018 8:55:32 AM","1443-01","0","no battery","V"
"07/10/2018","11:58:19","2","default","726512009","O2","8.739","min","213.813","μmol/L","Humid","20.183","deg","151431","µV","26.008","°C","1013.000","hPa","40.0","pmil","0","55.500","deg","20.000","°C","100.000","%a.s.","22.080","deg","20.000","°C","976.000","hPa","0.861","-0.02617","0.00035","0","0","13.56","Humid","69.95","1","60.00","284066.77","SABD0001000008","AAV1.0.0.11","2.1.0.443","PSt7-10","171011-002","6/6/2018 8:55:32 AM","1443-01","0","no battery","V"
"07/10/2018","11:58:20","2","default","726512009","O2","8.756","min","213.759","μmol/L","Humid","20.186","deg","151430","µV","26.007","°C","1013.000","hPa","40.0","pmil","0","55.500","deg","20.000","°C","100.000","%a.s.","22.080","deg","20.000","°C","976.000","hPa","0.861","-0.02617","0.00035","0","0","13.56","Humid","69.95","1","60.00","284061.09","SABD0001000008","AAV1.0.0.11","2.1.0.443","PSt7-10","171011-002","6/6/2018 8:55:32 AM","1443-01","0","no battery","V"
"07/10/2018","11:58:21","2","default","726512009","O2","8.772","min","213.784","μmol/L","Humid","20.187","deg","151437","µV","26.000","°C","1013.000","hPa","40.0","pmil","0","55.500","deg","20.000","°C","100.000","%a.s.","22.080","deg","20.000","°C","976.000","hPa","0.861","-0.02617","0.00035","0","0","13.56","Humid","69.95","1","60.00","284051.67","SABD0001000008","AAV1.0.0.11","2.1.0.443","PSt7-10","171011-002","6/6/2018 8:55:32 AM","1443-01","0","no battery","V"
"07/10/2018","11:58:22","2","default","726512009","O2","8.789","min","213.851","μmol/L","Humid","20.184","deg","151447","µV","25.998","°C","1013.000","hPa","40.0","pmil","0","55.500","deg","20.000","°C","100.000","%a.s.","22.080","deg","20.000","°C","976.000","hPa","0.861","-0.02617","0.00035","0","0","13.56","Humid","69.95","1","60.00","284053.14","SABD0001000008","AAV1.0.0.11","2.1.0.443","PSt7-10","171011-002","6/6/2018 8:55:32 AM","1443-01","0","no battery","V"
"07/10/2018","11:58:23","2","default","726512009","O2","8.805","min","213.701","μmol/L","Humid","20.192","deg","151449","µV","25.998","°C","1013.000","hPa","40.0","pmil","0","55.500","deg","20.000","°C","100.000","%a.s.","22.080","deg","20.000","°C","976.000","hPa","0.861","-0.02617","0.00035","0","0","13.56","Humid","69.95","1","60.00","284056.60","SABD0001000008","AAV1.0.0.11","2.1.0.443","PSt7-10","171011-002","6/6/2018 8:55:32 AM","1443-01","0","no battery","V"
"07/10/2018","11:58:24","2","default","726512009","O2","8.822","min","213.663","μmol/L","Humid","20.189","deg","151462","µV","26.013","°C","1013.000","hPa","40.0","pmil","0","55.500","deg","20.000","°C","100.000","%a.s.","22.080","deg","20.000","°C","976.000","hPa","0.861","-0.02617","0.00035","0","0","13.56","Humid","69.95","1","60.00","284055.43","SABD0001000008","AAV1.0.0.11","2.1.0.443","PSt7-10","171011-002","6/6/2018 8:55:32 AM","1443-01","0","no battery","V"
"07/10/2018","11:58:25","2","default","726512009","O2","8.838","min","213.583","μmol/L","Humid","20.189","deg","151466","µV","26.026","°C","1013.000","hPa","40.0","pmil","0","55.500","deg","20.000","°C","100.000","%a.s.","22.080","deg","20.000","°C","976.000","hPa","0.861","-0.02617","0.00035","0","0","13.56","Humid","69.95","1","60.00","284043.47","SABD0001000008","AAV1.0.0.11","2.1.0.443","PSt7-10","171011-002","6/6/2018 8:55:32 AM","1443-01","0","no battery","V"
"07/10/2018","11:58:26","2","default","726512009","O2","8.855","min","213.635","μmol/L","Humid","20.189","deg","151482","µV","26.017","°C","1013.000","hPa","40.0","pmil","0","55.500","deg","20.000","°C","100.000","%a.s.","22.080","deg","20.000","°C","976.000","hPa","0.861","-0.02617","0.00035","0","0","13.56","Humid","69.95","1","60.00","284041.24","SABD0001000008","AAV1.0.0.11","2.1.0.443","PSt7-10","171011-002","6/6/2018 8:55:32 AM","1443-01","0","no battery","V"
"07/10/2018","11:58:27","2","default","726512009","O2","8.872","min","213.639","μmol/L","Humid","20.192","deg","151486","µV","26.007","°C","1013.000","hPa","40.0","pmil","0","55.500","deg","20.000","°C","100.000","%a.s.","22.080","deg","20.000","°C","976.000","hPa","0.861","-0.02617","0.00035","0","0","13.56","Humid","69.95","1","60.00","284054.45","SABD0001000008","AAV1.0.0.11","2.1.0.443","PSt7-10","171011-002","6/6/2018 8:55:32 AM","1443-01","0","no battery","V"
"07/10/2018","11:58:28","2","default","726512009","O2","8.888","min","213.595","μmol/L","Humid","20.194","deg","151487","µV","26.008","°C","1013.000","hPa","40.0","pmil","0","55.500","deg","20.000","°C","100.000","%a.s.","22.080","deg","20.000","°C","976.000","hPa","0.861","-0.02617","0.00035","0","0","13.56","Humid","69.95","1","60.00","284041.01","SABD0001000008","AAV1.0.0.11","2.1.0.443","PSt7-10","171011-002","6/6/2018 8:55:32 AM","1443-01","0","no battery","V"
"07/10/2018","11:58:29","2","default","726512009","O2","8.905","min","213.548","μmol/L","Humid","20.195","deg","151490","µV","26.013","°C","1013.000","hPa","40.0","pmil","0","55.500","deg","20.000","°C","100.000","%a.s.","22.080","deg","20.000","°C","976.000","hPa","0.861","-0.02617","0.00035","0","0","13.56","Humid","69.95","1","60.00","284037.75","SABD0001000008","AAV1.0.0.11","2.1.0.443","PSt7-10","171011-002","6/6/2018 8:55:32 AM","1443-01","0","no battery","V"
"07/10/2018","11:58:30","2","default","726512009","O2","8.922","min","213.570","μmol/L","Humid","20.195","deg","151499","µV","26.009","°C","1013.000","hPa","40.0","pmil","0","55.500","deg","20.000","°C","100.000","%a.s.","22.080","deg","20.000","°C","976.000","hPa","0.861","-0.02617","0.00035","0","0","13.56","Humid","69.95","1","60.00","284046.52","SABD0001000008","AAV1.0.0.11","2.1.0.443","PSt7-10","171011-002","6/6/2018 8:55:32 AM","1443-01","0","no battery","V"
"07/10/2018","11:58:31","2","default","726512009","O2","8.939","min","213.550","μmol/L","Humid","20.195","deg","151517","µV","26.012","°C","1013.000","hPa","40.0","pmil","0","55.500","deg","20.000","°C","100.000","%a.s.","22.080","deg","20.000","°C","976.000","hPa","0.861","-0.02617","0.00035","0","0","13.56","Humid","69.95","1","60.00","284047.47","SABD0001000008","AAV1.0.0.11","2.1.0.443","PSt7-10","171011-002","6/6/2018 8:55:32 AM","1443-01","0","no battery","V"
"07/10/2018","11:58:32","2","default","726512009","O2","8.955","min","213.470","μmol/L","Humid","20.197","deg","151522","µV","26.019","°C","1013.000","hPa","40.0","pmil","0","55.500","deg","20.000","°C","100.000","%a.s.","22.080","deg","20.000","°C","976.000","hPa","0.861","-0.02617","0.00035","0","0","13.56","Humid","69.95","1","60.00","284031.26","SABD0001000008","AAV1.0.0.11","2.1.0.443","PSt7-10","171011-002","6/6/2018 8:55:32 AM","1443-01","0","no battery","V"
"07/10/2018","11:58:33","2","default","726512009","O2","8.972","min","213.466","μmol/L","Humid","20.197","deg","151530","µV","26.020","°C","1013.000","hPa","40.0","pmil","0","55.500","deg","20.000","°C","100.000","%a.s.","22.080","deg","20.000","°C","976.000","hPa","0.861","-0.02617","0.00035","0","0","13.56","Humid","69.95","1","60.00","284040.34","SABD0001000008","AAV1.0.0.11","2.1.0.443","PSt7-10","171011-002","6/6/2018 8:55:32 AM","1443-01","0","no battery","V"
"07/10/2018","11:58:34","2","default","726512009","O2","8.988","min","213.423","μmol/L","Humid","20.198","deg","151537","µV","26.023","°C","1013.000","hPa","40.0","pmil","0","55.500","deg","20.000","°C","100.000","%a.s.","22.080","deg","20.000","°C","976.000","hPa","0.861","-0.02617","0.00035","0","0","13.56","Humid","69.95","1","60.00","284048.38","SABD0001000008","AAV1.0.0.11","2.1.0.443","PSt7-10","171011-002","6/6/2018 8:55:32 AM","1443-01","0","no battery","V"
"07/10/2018","11:58:35","2","default","726512009","O2","9.005","min","213.528","μmol/L","Humid","20.200","deg","151545","µV","26.000","°C","1013.000","hPa","40.0","pmil","0","55.500","deg","20.000","°C","100.000","%a.s.","22.080","deg","20.000","°C","976.000","hPa","0.861","-0.02617","0.00035","0","0","13.56","Humid","69.95","1","60.00","284046.86","SABD0001000008","AAV1.0.0.11","2.1.0.443","PSt7-10","171011-002","6/6/2018 8:55:32 AM","1443-01","0","no battery","V"
"07/10/2018","11:58:36","2","default","726512009","O2","9.022","min","213.519","μmol/L","Humid","20.198","deg","151558","µV","26.008","°C","1013.000","hPa","40.0","pmil","0","55.500","deg","20.000","°C","100.000","%a.s.","22.080","deg","20.000","°C","976.000","hPa","0.861","-0.02617","0.00035","0","0","13.56","Humid","69.95","1","60.00","284051.29","SABD0001000008","AAV1.0.0.11","2.1.0.443","PSt7-10","171011-002","6/6/2018 8:55:32 AM","1443-01","0","no battery","V"
"07/10/2018","11:58:37","2","default","726512009","O2","9.039","min","213.363","μmol/L","Humid","20.206","deg","151559","µV","26.008","°C","1013.000","hPa","40.0","pmil","0","55.500","deg","20.000","°C","100.000","%a.s.","22.080","deg","20.000","°C","976.000","hPa","0.861","-0.02617","0.00035","0","0","13.56","Humid","69.95","1","60.00","284048.43","SABD0001000008","AAV1.0.0.11","2.1.0.443","PSt7-10","171011-002","6/6/2018 8:55:32 AM","1443-01","0","no battery","V"
"07/10/2018","11:58:38","2","default","726512009","O2","9.055","min","213.510","μmol/L","Humid","20.203","deg","151557","µV","25.994","°C","1013.000","hPa","40.0","pmil","0","55.500","deg","20.000","°C","100.000","%a.s.","22.080","deg","20.000","°C","976.000","hPa","0.861","-0.02617","0.00035","0","0","13.56","Humid","69.95","1","60.00","284037.89","SABD0001000008","AAV1.0.0.11","2.1.0.443","PSt7-10","171011-002","6/6/2018 8:55:32 AM","1443-01","0","no battery","V"
"07/10/2018","11:58:39","2","default","726512009","O2","9.072","min","213.502","μmol/L","Humid","20.202","deg","151574","µV","25.999","°C","1013.000","hPa","40.0","pmil","0","55.500","deg","20.000","°C","100.000","%a.s.","22.080","deg","20.000","°C","976.000","hPa","0.861","-0.02617","0.00035","0","0","13.56","Humid","69.95","1","60.00","284041.82","SABD0001000008","AAV1.0.0.11","2.1.0.443","PSt7-10","171011-002","6/6/2018 8:55:32 AM","1443-01","0","no battery","V"
"07/10/2018","11:58:40","2","default","726512009","O2","9.088","min","213.423","μmol/L","Humid","20.205","deg","151577","µV","26.002","°C","1013.000","hPa","40.0","pmil","0","55.500","deg","20.000","°C","100.000","%a.s.","22.080","deg","20.000","°C","976.000","hPa","0.861","-0.02617","0.00035","0","0","13.56","Humid","69.95","1","60.00","284034.45","SABD0001000008","AAV1.0.0.11","2.1.0.443","PSt7-10","171011-002","6/6/2018 8:55:32 AM","1443-01","0","no battery","V"
"07/10/2018","11:58:41","2","default","726512009","O2","9.106","min","213.453","μmol/L","Humid","20.204","deg","151598","µV","26.000","°C","1013.000","hPa","40.0","pmil","0","55.500","deg","20.000","°C","100.000","%a.s.","22.080","deg","20.000","°C","976.000","hPa","0.861","-0.02617","0.00035","0","0","13.56","Humid","69.95","1","60.00","284044.30","SABD0001000008","AAV1.0.0.11","2.1.0.443","PSt7-10","171011-002","6/6/2018 8:55:32 AM","1443-01","0","no battery","V"
"07/10/2018","11:58:42","2","default","726512009","O2","9.121","min","213.180","μmol/L","Humid","20.208","deg","151587","µV","26.031","°C","1013.000","hPa","40.0","pmil","0","55.500","deg","20.000","°C","100.000","%a.s.","22.080","deg","20.000","°C","976.000","hPa","0.861","-0.02617","0.00035","0","0","13.56","Humid","69.95","1","60.00","284033.10","SABD0001000008","AAV1.0.0.11","2.1.0.443","PSt7-10","171011-002","6/6/2018 8:55:32 AM","1443-01","0","no battery","V"
"07/10/2018","11:58:43","2","default","726512009","O2","9.138","min","213.258","μmol/L","Humid","20.207","deg","151605","µV","26.022","°C","1013.000","hPa","40.0","pmil","0","55.500","deg","20.000","°C","100.000","%a.s.","22.080","deg","20.000","°C","976.000","hPa","0.861","-0.02617","0.00035","0","0","13.56","Humid","69.95","1","60.00","284054.25","SABD0001000008","AAV1.0.0.11","2.1.0.443","PSt7-10","171011-002","6/6/2018 8:55:32 AM","1443-01","0","no battery","V"
"07/10/2018","11:58:44","2","default","726512009","O2","9.156","min","213.268","μmol/L","Humid","20.206","deg","151613","µV","26.023","°C","1013.000","hPa","40.0","pmil","0","55.500","deg","20.000","°C","100.000","%a.s.","22.080","deg","20.000","°C","976.000","hPa","0.861","-0.02617","0.00035","0","0","13.56","Humid","69.95","1","60.00","284041.82","SABD0001000008","AAV1.0.0.11","2.1.0.443","PSt7-10","171011-002","6/6/2018 8:55:32 AM","1443-01","0","no battery","V"
"07/10/2018","11:58:45","2","default","726512009","O2","9.172","min","213.362","μmol/L","Humid","20.207","deg","151607","µV","26.005","°C","1013.000","hPa","40.0","pmil","0","55.500","deg","20.000","°C","100.000","%a.s.","22.080","deg","20.000","°C","976.000","hPa","0.861","-0.02617","0.00035","0","0","13.56","Humid","69.95","1","60.00","284030.55","SABD0001000008","AAV1.0.0.11","2.1.0.443","PSt7-10","171011-002","6/6/2018 8:55:32 AM","1443-01","0","no battery","V"
"07/10/2018","11:58:46","2","default","726512009","O2","9.189","min","213.377","μmol/L","Humid","20.207","deg","151612","µV","26.003","°C","1013.000","hPa","40.0","pmil","0","55.500","deg","20.000","°C","100.000","%a.s.","22.080","deg","20.000","°C","976.000","hPa","0.861","-0.02617","0.00035","0","0","13.56","Humid","69.95","1","60.00","284030.78","SABD0001000008","AAV1.0.0.11","2.1.0.443","PSt7-10","171011-002","6/6/2018 8:55:32 AM","1443-01","0","no battery","V"
"07/10/2018","11:58:47","2","default","726512009","O2","9.205","min","213.310","μmol/L","Humid","20.207","deg","151626","µV","26.014","°C","1013.000","hPa","40.0","pmil","0","55.500","deg","20.000","°C","100.000","%a.s.","22.080","deg","20.000","°C","976.000","hPa","0.861","-0.02617","0.00035","0","0","13.56","Humid","69.95","1","60.00","284041.98","SABD0001000008","AAV1.0.0.11","2.1.0.443","PSt7-10","171011-002","6/6/2018 8:55:32 AM","1443-01","0","no battery","V"
"07/10/2018","11:58:48","2","default","726512009","O2","9.222","min","213.233","μmol/L","Humid","20.209","deg","151628","µV","26.020","°C","1013.000","hPa","40.0","pmil","0","55.500","deg","20.000","°C","100.000","%a.s.","22.080","deg","20.000","°C","976.000","hPa","0.861","-0.02617","0.00035","0","0","13.56","Humid","69.95","1","60.00","284049.19","SABD0001000008","AAV1.0.0.11","2.1.0.443","PSt7-10","171011-002","6/6/2018 8:55:32 AM","1443-01","0","no battery","V"
"07/10/2018","11:58:49","2","default","726512009","O2","9.238","min","213.246","μmol/L","Humid","20.209","deg","151632","µV","26.018","°C","1013.000","hPa","40.0","pmil","0","55.500","deg","20.000","°C","100.000","%a.s.","22.080","deg","20.000","°C","976.000","hPa","0.861","-0.02617","0.00035","0","0","13.56","Humid","69.95","1","60.00","284060.46","SABD0001000008","AAV1.0.0.11","2.1.0.443","PSt7-10","171011-002","6/6/2018 8:55:32 AM","1443-01","0","no battery","V"
"07/10/2018","11:58:50","2","default","726512009","O2","9.255","min","213.124","μmol/L","Humid","20.215","deg","151643","µV","26.019","°C","1013.000","hPa","40.0","pmil","0","55.500","deg","20.000","°C","100.000","%a.s.","22.080","deg","20.000","°C","976.000","hPa","0.861","-0.02617","0.00035","0","0","13.56","Humid","69.95","1","60.00","284048.54","SABD0001000008","AAV1.0.0.11","2.1.0.443","PSt7-10","171011-002","6/6/2018 8:55:32 AM","1443-01","0","no battery","V"
"07/10/2018","11:58:51","2","default","726512009","O2","9.272","min","213.254","μmol/L","Humid","20.210","deg","151652","µV","26.013","°C","1013.000","hPa","40.0","pmil","0","55.500","deg","20.000","°C","100.000","%a.s.","22.080","deg","20.000","°C","976.000","hPa","0.861","-0.02617","0.00035","0","0","13.56","Humid","69.95","1","60.00","284047.79","SABD0001000008","AAV1.0.0.11","2.1.0.443","PSt7-10","171011-002","6/6/2018 8:55:32 AM","1443-01","0","no battery","V"
"07/10/2018","11:58:52","2","default","726512009","O2","9.289","min","213.225","μmol/L","Humid","20.210","deg","151652","µV","26.018","°C","1013.000","hPa","40.0","pmil","0","55.500","deg","20.000","°C","100.000","%a.s.","22.080","deg","20.000","°C","976.000","hPa","0.861","-0.02617","0.00035","0","0","13.56","Humid","69.95","1","60.00","284043.81","SABD0001000008","AAV1.0.0.11","2.1.0.443","PSt7-10","171011-002","6/6/2018 8:55:32 AM","1443-01","0","no battery","V"
"07/10/2018","11:58:53","2","default","726512009","O2","9.305","min","213.045","μmol/L","Humid","20.217","deg","151658","µV","26.025","°C","1013.000","hPa","40.0","pmil","0","55.500","deg","20.000","°C","100.000","%a.s.","22.080","deg","20.000","°C","976.000","hPa","0.861","-0.02617","0.00035","0","0","13.56","Humid","69.95","1","60.00","284048.20","SABD0001000008","AAV1.0.0.11","2.1.0.443","PSt7-10","171011-002","6/6/2018 8:55:32 AM","1443-01","0","no battery","V"
"07/10/2018","11:58:54","2","default","726512009","O2","9.322","min","213.135","μmol/L","Humid","20.214","deg","151662","µV","26.020","°C","1013.000","hPa","40.0","pmil","0","55.500","deg","20.000","°C","100.000","%a.s.","22.080","deg","20.000","°C","976.000","hPa","0.861","-0.02617","0.00035","0","0","13.56","Humid","69.95","1","60.00","284041.95","SABD0001000008","AAV1.0.0.11","2.1.0.443","PSt7-10","171011-002","6/6/2018 8:55:32 AM","1443-01","0","no battery","V"
"07/10/2018","11:58:55","2","default","726512009","O2","9.339","min","213.142","μmol/L","Humid","20.216","deg","151673","µV","26.013","°C","1013.000","hPa","40.0","pmil","0","55.500","deg","20.000","°C","100.000","%a.s.","22.080","deg","20.000","°C","976.000","hPa","0.861","-0.02617","0.00035","0","0","13.56","Humid","69.95","1","60.00","284044.47","SABD0001000008","AAV1.0.0.11","2.1.0.443","PSt7-10","171011-002","6/6/2018 8:55:32 AM","1443-01","0","no battery","V"
"07/10/2018","11:58:56","2","default","726512009","O2","9.355","min","212.986","μmol/L","Humid","20.219","deg","151691","µV","26.028","°C","1013.000","hPa","40.0","pmil","0","55.500","deg","20.000","°C","100.000","%a.s.","22.080","deg","20.000","°C","976.000","hPa","0.861","-0.02617","0.00035","0","0","13.56","Humid","69.95","1","60.00","284049.67","SABD0001000008","AAV1.0.0.11","2.1.0.443","PSt7-10","171011-002","6/6/2018 8:55:32 AM","1443-01","0","no battery","V"
"07/10/2018","11:58:57","2","default","726512009","O2","9.372","min","213.002","μmol/L","Humid","20.219","deg","151696","µV","26.026","°C","1013.000","hPa","40.0","pmil","0","55.500","deg","20.000","°C","100.000","%a.s.","22.080","deg","20.000","°C","976.000","hPa","0.861","-0.02617","0.00035","0","0","13.56","Humid","69.95","1","60.00","284061.94","SABD0001000008","AAV1.0.0.11","2.1.0.443","PSt7-10","171011-002","6/6/2018 8:55:32 AM","1443-01","0","no battery","V"
"07/10/2018","11:58:58","2","default","726512009","O2","9.388","min","213.099","μmol/L","Humid","20.219","deg","151697","µV","26.010","°C","1013.000","hPa","40.0","pmil","0","55.500","deg","20.000","°C","100.000","%a.s.","22.080","deg","20.000","°C","976.000","hPa","0.861","-0.02617","0.00035","0","0","13.56","Humid","69.95","1","60.00","284051.95","SABD0001000008","AAV1.0.0.11","2.1.0.443","PSt7-10","171011-002","6/6/2018 8:55:32 AM","1443-01","0","no battery","V"
"07/10/2018","11:58:59","2","default","726512009","O2","9.406","min","213.208","μmol/L","Humid","20.217","deg","151704","µV","25.999","°C","1013.000","hPa","40.0","pmil","0","55.500","deg","20.000","°C","100.000","%a.s.","22.080","deg","20.000","°C","976.000","hPa","0.861","-0.02617","0.00035","0","0","13.56","Humid","69.95","1","60.00","284052.81","SABD0001000008","AAV1.0.0.11","2.1.0.443","PSt7-10","171011-002","6/6/2018 8:55:32 AM","1443-01","0","no battery","V"
"07/10/2018","11:59:00","2","default","726512009","O2","9.422","min","213.084","μmol/L","Humid","20.220","deg","151717","µV","26.010","°C","1013.000","hPa","40.0","pmil","0","55.500","deg","20.000","°C","100.000","%a.s.","22.080","deg","20.000","°C","976.000","hPa","0.861","-0.02617","0.00035","0","0","13.56","Humid","69.95","1","60.00","284065.07","SABD0001000008","AAV1.0.0.11","2.1.0.443","PSt7-10","171011-002","6/6/2018 8:55:32 AM","1443-01","0","no battery","V"
"07/10/2018","11:59:01","2","default","726512009","O2","9.439","min","212.995","μmol/L","Humid","20.219","deg","151725","µV","26.027","°C","1013.000","hPa","40.0","pmil","0","55.500","deg","20.000","°C","100.000","%a.s.","22.080","deg","20.000","°C","976.000","hPa","0.861","-0.02617","0.00035","0","0","13.56","Humid","69.95","1","60.00","284050.39","SABD0001000008","AAV1.0.0.11","2.1.0.443","PSt7-10","171011-002","6/6/2018 8:55:32 AM","1443-01","0","no battery","V"
"07/10/2018","11:59:02","2","default","726512009","O2","9.455","min","212.910","μmol/L","Humid","20.224","deg","151731","µV","26.025","°C","1013.000","hPa","40.0","pmil","0","55.500","deg","20.000","°C","100.000","%a.s.","22.080","deg","20.000","°C","976.000","hPa","0.861","-0.02617","0.00035","0","0","13.56","Humid","69.95","1","60.00","284050.48","SABD0001000008","AAV1.0.0.11","2.1.0.443","PSt7-10","171011-002","6/6/2018 8:55:32 AM","1443-01","0","no battery","V"
"07/10/2018","11:59:03","2","default","726512009","O2","9.472","min","212.967","μmol/L","Humid","20.221","deg","151744","µV","26.025","°C","1013.000","hPa","40.0","pmil","0","55.500","deg","20.000","°C","100.000","%a.s.","22.080","deg","20.000","°C","976.000","hPa","0.861","-0.02617","0.00035","0","0","13.56","Humid","69.95","1","60.00","284053.17","SABD0001000008","AAV1.0.0.11","2.1.0.443","PSt7-10","171011-002","6/6/2018 8:55:32 AM","1443-01","0","no battery","V"
"07/10/2018","11:59:04","2","default","726512009","O2","9.489","min","212.927","μmol/L","Humid","20.225","deg","151752","µV","26.019","°C","1013.000","hPa","40.0","pmil","0","55.500","deg","20.000","°C","100.000","%a.s.","22.080","deg","20.000","°C","976.000","hPa","0.861","-0.02617","0.00035","0","0","13.56","Humid","69.95","1","60.00","284062.01","SABD0001000008","AAV1.0.0.11","2.1.0.443","PSt7-10","171011-002","6/6/2018 8:55:32 AM","1443-01","0","no battery","V"
"07/10/2018","11:59:05","2","default","726512009","O2","9.505","min","212.892","μmol/L","Humid","20.226","deg","151747","µV","26.022","°C","1013.000","hPa","40.0","pmil","0","55.500","deg","20.000","°C","100.000","%a.s.","22.080","deg","20.000","°C","976.000","hPa","0.861","-0.02617","0.00035","0","0","13.56","Humid","69.95","1","60.00","284052.38","SABD0001000008","AAV1.0.0.11","2.1.0.443","PSt7-10","171011-002","6/6/2018 8:55:32 AM","1443-01","0","no battery","V"
"07/10/2018","11:59:06","2","default","726512009","O2","9.522","min","212.821","μmol/L","Humid","20.227","deg","151753","µV","26.030","°C","1013.000","hPa","40.0","pmil","0","55.500","deg","20.000","°C","100.000","%a.s.","22.080","deg","20.000","°C","976.000","hPa","0.861","-0.02617","0.00035","0","0","13.56","Humid","69.95","1","60.00","284055.87","SABD0001000008","AAV1.0.0.11","2.1.0.443","PSt7-10","171011-002","6/6/2018 8:55:32 AM","1443-01","0","no battery","V"
"07/10/2018","11:59:07","2","default","726512009","O2","9.538","min","212.766","μmol/L","Humid","20.232","deg","151771","µV","26.024","°C","1013.000","hPa","40.0","pmil","0","55.500","deg","20.000","°C","100.000","%a.s.","22.080","deg","20.000","°C","976.000","hPa","0.861","-0.02617","0.00035","0","0","13.56","Humid","69.95","1","60.00","284038.42","SABD0001000008","AAV1.0.0.11","2.1.0.443","PSt7-10","171011-002","6/6/2018 8:55:32 AM","1443-01","0","no battery","V"
"07/10/2018","11:59:08","2","default","726512009","O2","9.555","min","212.786","μmol/L","Humid","20.231","deg","151787","µV","26.023","°C","1013.000","hPa","40.0","pmil","0","55.500","deg","20.000","°C","100.000","%a.s.","22.080","deg","20.000","°C","976.000","hPa","0.861","-0.02617","0.00035","0","0","13.56","Humid","69.95","1","60.00","284040.87","SABD0001000008","AAV1.0.0.11","2.1.0.443","PSt7-10","171011-002","6/6/2018 8:55:32 AM","1443-01","0","no battery","V"
"07/10/2018","11:59:09","2","default","726512009","O2","9.572","min","212.785","μmol/L","Humid","20.232","deg","151786","µV","26.021","°C","1013.000","hPa","40.0","pmil","0","55.500","deg","20.000","°C","100.000","%a.s.","22.080","deg","20.000","°C","976.000","hPa","0.861","-0.02617","0.00035","0","0","13.56","Humid","69.95","1","60.00","284041.70","SABD0001000008","AAV1.0.0.11","2.1.0.443","PSt7-10","171011-002","6/6/2018 8:55:32 AM","1443-01","0","no battery","V"
"07/10/2018","11:59:10","2","default","726512009","O2","9.589","min","212.891","μmol/L","Humid","20.230","deg","151797","µV","26.010","°C","1013.000","hPa","40.0","pmil","0","55.500","deg","20.000","°C","100.000","%a.s.","22.080","deg","20.000","°C","976.000","hPa","0.861","-0.02617","0.00035","0","0","13.56","Humid","69.95","1","60.00","284050.09","SABD0001000008","AAV1.0.0.11","2.1.0.443","PSt7-10","171011-002","6/6/2018 8:55:32 AM","1443-01","0","no battery","V"
"07/10/2018","11:59:11","2","default","726512009","O2","9.605","min","212.735","μmol/L","Humid","20.234","deg","151799","µV","26.022","°C","1013.000","hPa","40.0","pmil","0","55.500","deg","20.000","°C","100.000","%a.s.","22.080","deg","20.000","°C","976.000","hPa","0.861","-0.02617","0.00035","0","0","13.56","Humid","69.95","1","60.00","284037.43","SABD0001000008","AAV1.0.0.11","2.1.0.443","PSt7-10","171011-002","6/6/2018 8:55:32 AM","1443-01","0","no battery","V"
"07/10/2018","11:59:12","2","default","726512009","O2","9.622","min","212.811","μmol/L","Humid","20.231","deg","151817","µV","26.019","°C","1013.000","hPa","40.0","pmil","0","55.500","deg","20.000","°C","100.000","%a.s.","22.080","deg","20.000","°C","976.000","hPa","0.861","-0.02617","0.00035","0","0","13.56","Humid","69.95","1","60.00","284046.85","SABD0001000008","AAV1.0.0.11","2.1.0.443","PSt7-10","171011-002","6/6/2018 8:55:32 AM","1443-01","0","no battery","V"
"07/10/2018","11:59:13","2","default","726512009","O2","9.639","min","212.670","μmol/L","Humid","20.235","deg","151824","µV","26.030","°C","1013.000","hPa","40.0","pmil","0","55.500","deg","20.000","°C","100.000","%a.s.","22.080","deg","20.000","°C","976.000","hPa","0.861","-0.02617","0.00035","0","0","13.56","Humid","69.95","1","60.00","284039.31","SABD0001000008","AAV1.0.0.11","2.1.0.443","PSt7-10","171011-002","6/6/2018 8:55:32 AM","1443-01","0","no battery","V"
"07/10/2018","11:59:14","2","default","726512009","O2","9.655","min","212.616","μmol/L","Humid","20.236","deg","151826","µV","26.035","°C","1013.000","hPa","40.0","pmil","0","55.500","deg","20.000","°C","100.000","%a.s.","22.080","deg","20.000","°C","976.000","hPa","0.861","-0.02617","0.00035","0","0","13.56","Humid","69.95","1","60.00","284037.86","SABD0001000008","AAV1.0.0.11","2.1.0.443","PSt7-10","171011-002","6/6/2018 8:55:32 AM","1443-01","0","no battery","V"
"07/10/2018","11:59:15","2","default","726512009","O2","9.672","min","212.692","μmol/L","Humid","20.234","deg","151829","µV","26.029","°C","1013.000","hPa","40.0","pmil","0","55.500","deg","20.000","°C","100.000","%a.s.","22.080","deg","20.000","°C","976.000","hPa","0.861","-0.02617","0.00035","0","0","13.56","Humid","69.95","1","60.00","284032.63","SABD0001000008","AAV1.0.0.11","2.1.0.443","PSt7-10","171011-002","6/6/2018 8:55:32 AM","1443-01","0","no battery","V"
"07/10/2018","11:59:16","2","default","726512009","O2","9.688","min","212.718","μmol/L","Humid","20.233","deg","151844","µV","26.028","°C","1013.000","hPa","40.0","pmil","0","55.500","deg","20.000","°C","100.000","%a.s.","22.080","deg","20.000","°C","976.000","hPa","0.861","-0.02617","0.00035","0","0","13.56","Humid","69.95","1","60.00","284031.16","SABD0001000008","AAV1.0.0.11","2.1.0.443","PSt7-10","171011-002","6/6/2018 8:55:32 AM","1443-01","0","no battery","V"
"07/10/2018","11:59:17","2","default","726512009","O2","9.705","min","212.544","μmol/L","Humid","20.240","deg","151849","µV","26.034","°C","1013.000","hPa","40.0","pmil","0","55.500","deg","20.000","°C","100.000","%a.s.","22.080","deg","20.000","°C","976.000","hPa","0.861","-0.02617","0.00035","0","0","13.56","Humid","69.95","1","60.00","284039.77","SABD0001000008","AAV1.0.0.11","2.1.0.443","PSt7-10","171011-002","6/6/2018 8:55:32 AM","1443-01","0","no battery","V"
"07/10/2018","11:59:18","2","default","726512009","O2","9.722","min","212.555","μmol/L","Humid","20.244","deg","151851","µV","26.020","°C","1013.000","hPa","40.0","pmil","0","55.500","deg","20.000","°C","100.000","%a.s.","22.080","deg","20.000","°C","976.000","hPa","0.861","-0.02617","0.00035","0","0","13.56","Humid","69.95","1","60.00","284033.30","SABD0001000008","AAV1.0.0.11","2.1.0.443","PSt7-10","171011-002","6/6/2018 8:55:32 AM","1443-01","0","no battery","V"
"07/10/2018","11:59:19","2","default","726512009","O2","9.739","min","212.726","μmol/L","Humid","20.239","deg","151865","µV","26.008","°C","1013.000","hPa","40.0","pmil","0","55.500","deg","20.000","°C","100.000","%a.s.","22.080","deg","20.000","°C","976.000","hPa","0.861","-0.02617","0.00035","0","0","13.56","Humid","69.95","1","60.00","284038.99","SABD0001000008","AAV1.0.0.11","2.1.0.443","PSt7-10","171011-002","6/6/2018 8:55:32 AM","1443-01","0","no battery","V"
"07/10/2018","11:59:20","2","default","726512009","O2","9.755","min","212.598","μmol/L","Humid","20.242","deg","151865","µV","26.020","°C","1013.000","hPa","40.0","pmil","0","55.500","deg","20.000","°C","100.000","%a.s.","22.080","deg","20.000","°C","976.000","hPa","0.861","-0.02617","0.00035","0","0","13.56","Humid","69.95","1","60.00","284033.18","SABD0001000008","AAV1.0.0.11","2.1.0.443","PSt7-10","171011-002","6/6/2018 8:55:32 AM","1443-01","0","no battery","V"
"07/10/2018","11:59:21","2","default","726512009","O2","9.772","min","212.478","μmol/L","Humid","20.240","deg","151877","µV","26.045","°C","1013.000","hPa","40.0","pmil","0","55.500","deg","20.000","°C","100.000","%a.s.","22.080","deg","20.000","°C","976.000","hPa","0.861","-0.02617","0.00035","0","0","13.56","Humid","69.95","1","60.00","284035.68","SABD0001000008","AAV1.0.0.11","2.1.0.443","PSt7-10","171011-002","6/6/2018 8:55:32 AM","1443-01","0","no battery","V"
"07/10/2018","11:59:22","2","default","726512009","O2","9.789","min","212.465","μmol/L","Humid","20.243","deg","151888","µV","26.038","°C","1013.000","hPa","40.0","pmil","0","55.500","deg","20.000","°C","100.000","%a.s.","22.080","deg","20.000","°C","976.000","hPa","0.861","-0.02617","0.00035","0","0","13.56","Humid","69.95","1","60.00","284034.48","SABD0001000008","AAV1.0.0.11","2.1.0.443","PSt7-10","171011-002","6/6/2018 8:55:32 AM","1443-01","0","no battery","V"
"07/10/2018","11:59:23","2","default","726512009","O2","9.805","min","212.473","μmol/L","Humid","20.247","deg","151898","µV","26.024","°C","1013.000","hPa","40.0","pmil","0","55.500","deg","20.000","°C","100.000","%a.s.","22.080","deg","20.000","°C","976.000","hPa","0.861","-0.02617","0.00035","0","0","13.56","Humid","69.95","1","60.00","284026.20","SABD0001000008","AAV1.0.0.11","2.1.0.443","PSt7-10","171011-002","6/6/2018 8:55:32 AM","1443-01","0","no battery","V"
"07/10/2018","11:59:24","2","default","726512009","O2","9.822","min","212.380","μmol/L","Humid","20.245","deg","151905","µV","26.045","°C","1013.000","hPa","40.0","pmil","0","55.500","deg","20.000","°C","100.000","%a.s.","22.080","deg","20.000","°C","976.000","hPa","0.861","-0.02617","0.00035","0","0","13.56","Humid","69.95","1","60.00","284031.28","SABD0001000008","AAV1.0.0.11","2.1.0.443","PSt7-10","171011-002","6/6/2018 8:55:32 AM","1443-01","0","no battery","V"
"07/10/2018","11:59:25","2","default","726512009","O2","9.838","min","212.380","μmol/L","Humid","20.247","deg","151921","µV","26.039","°C","1013.000","hPa","40.0","pmil","0","55.500","deg","20.000","°C","100.000","%a.s.","22.080","deg","20.000","°C","976.000","hPa","0.861","-0.02617","0.00035","0","0","13.56","Humid","69.95","1","60.00","284028.03","SABD0001000008","AAV1.0.0.11","2.1.0.443","PSt7-10","171011-002","6/6/2018 8:55:32 AM","1443-01","0","no battery","V"
"07/10/2018","11:59:26","2","default","726512009","O2","9.855","min","212.388","μmol/L","Humid","20.247","deg","151917","µV","26.038","°C","1013.000","hPa","40.0","pmil","0","55.500","deg","20.000","°C","100.000","%a.s.","22.080","deg","20.000","°C","976.000","hPa","0.861","-0.02617","0.00035","0","0","13.56","Humid","69.95","1","60.00","284032.57","SABD0001000008","AAV1.0.0.11","2.1.0.443","PSt7-10","171011-002","6/6/2018 8:55:32 AM","1443-01","0","no battery","V"
"07/10/2018","11:59:27","2","default","726512009","O2","9.872","min","212.369","μmol/L","Humid","20.247","deg","151944","µV","26.041","°C","1013.000","hPa","40.0","pmil","0","55.500","deg","20.000","°C","100.000","%a.s.","22.080","deg","20.000","°C","976.000","hPa","0.861","-0.02617","0.00035","0","0","13.56","Humid","69.95","1","60.00","284041.11","SABD0001000008","AAV1.0.0.11","2.1.0.443","PSt7-10","171011-002","6/6/2018 8:55:32 AM","1443-01","0","no battery","V"
"07/10/2018","11:59:28","2","default","726512009","O2","9.889","min","212.488","μmol/L","Humid","20.249","deg","151950","µV","26.016","°C","1013.000","hPa","40.0","pmil","0","55.500","deg","20.000","°C","100.000","%a.s.","22.080","deg","20.000","°C","976.000","hPa","0.861","-0.02617","0.00035","0","0","13.56","Humid","69.95","1","60.00","284045.82","SABD0001000008","AAV1.0.0.11","2.1.0.443","PSt7-10","171011-002","6/6/2018 8:55:32 AM","1443-01","0","no battery","V"
"07/10/2018","11:59:29","2","default","726512009","O2","9.906","min","212.424","μmol/L","Humid","20.250","deg","151955","µV","26.023","°C","1013.000","hPa","40.0","pmil","0","55.500","deg","20.000","°C","100.000","%a.s.","22.080","deg","20.000","°C","976.000","hPa","0.861","-0.02617","0.00035","0","0","13.56","Humid","69.95","1","60.00","284036.28","SABD0001000008","AAV1.0.0.11","2.1.0.443","PSt7-10","171011-002","6/6/2018 8:55:32 AM","1443-01","0","no battery","V"
"07/10/2018","11:59:30","2","default","726512009","O2","9.922","min","212.385","μmol/L","Humid","20.252","deg","151968","µV","26.023","°C","1013.000","hPa","40.0","pmil","0","55.500","deg","20.000","°C","100.000","%a.s.","22.080","deg","20.000","°C","976.000","hPa","0.861","-0.02617","0.00035","0","0","13.56","Humid","69.95","1","60.00","284030.56","SABD0001000008","AAV1.0.0.11","2.1.0.443","PSt7-10","171011-002","6/6/2018 8:55:32 AM","1443-01","0","no battery","V"
"07/10/2018","11:59:31","2","default","726512009","O2","9.939","min","212.312","μmol/L","Humid","20.253","deg","151971","µV","26.032","°C","1013.000","hPa","40.0","pmil","0","55.500","deg","20.000","°C","100.000","%a.s.","22.080","deg","20.000","°C","976.000","hPa","0.861","-0.02617","0.00035","0","0","13.56","Humid","69.95","1","60.00","284030.92","SABD0001000008","AAV1.0.0.11","2.1.0.443","PSt7-10","171011-002","6/6/2018 8:55:32 AM","1443-01","0","no battery","V"
"07/10/2018","11:59:32","2","default","726512009","O2","9.955","min","212.346","μmol/L","Humid","20.253","deg","151987","µV","26.026","°C","1013.000","hPa","40.0","pmil","0","55.500","deg","20.000","°C","100.000","%a.s.","22.080","deg","20.000","°C","976.000","hPa","0.861","-0.02617","0.00035","0","0","13.56","Humid","69.95","1","60.00","284037.50","SABD0001000008","AAV1.0.0.11","2.1.0.443","PSt7-10","171011-002","6/6/2018 8:55:32 AM","1443-01","0","no battery","V"
"07/10/2018","11:59:33","2","default","726512009","O2","9.972","min","212.321","μmol/L","Humid","20.256","deg","151983","µV","26.021","°C","1013.000","hPa","40.0","pmil","0","55.500","deg","20.000","°C","100.000","%a.s.","22.080","deg","20.000","°C","976.000","hPa","0.861","-0.02617","0.00035","0","0","13.56","Humid","69.95","1","60.00","284034.41","SABD0001000008","AAV1.0.0.11","2.1.0.443","PSt7-10","171011-002","6/6/2018 8:55:32 AM","1443-01","0","no battery","V"
"07/10/2018","11:59:34","2","default","726512009","O2","9.988","min","212.290","μmol/L","Humid","20.258","deg","151994","µV","26.020","°C","1013.000","hPa","40.0","pmil","0","55.500","deg","20.000","°C","100.000","%a.s.","22.080","deg","20.000","°C","976.000","hPa","0.861","-0.02617","0.00035","0","0","13.56","Humid","69.95","1","60.00","284039.14","SABD0001000008","AAV1.0.0.11","2.1.0.443","PSt7-10","171011-002","6/6/2018 8:55:32 AM","1443-01","0","no battery","V"
"07/10/2018","11:59:35","2","default","726512009","O2","10.005","min","212.249","μmol/L","Humid","20.258","deg","152003","µV","26.026","°C","1013.000","hPa","40.0","pmil","0","55.500","deg","20.000","°C","100.000","%a.s.","22.080","deg","20.000","°C","976.000","hPa","0.861","-0.02617","0.00035","0","0","13.56","Humid","69.95","1","60.00","284031.10","SABD0001000008","AAV1.0.0.11","2.1.0.443","PSt7-10","171011-002","6/6/2018 8:55:32 AM","1443-01","0","no battery","V"
"07/10/2018","11:59:36","2","default","726512009","O2","10.022","min","212.251","μmol/L","Humid","20.259","deg","152017","µV","26.023","°C","1013.000","hPa","40.0","pmil","0","55.500","deg","20.000","°C","100.000","%a.s.","22.080","deg","20.000","°C","976.000","hPa","0.861","-0.02617","0.00035","0","0","13.56","Humid","69.95","1","60.00","284052.24","SABD0001000008","AAV1.0.0.11","2.1.0.443","PSt7-10","171011-002","6/6/2018 8:55:32 AM","1443-01","0","no battery","V"
"07/10/2018","11:59:37","2","default","726512009","O2","10.039","min","212.281","μmol/L","Humid","20.258","deg","152019","µV","26.021","°C","1013.000","hPa","40.0","pmil","0","55.500","deg","20.000","°C","100.000","%a.s.","22.080","deg","20.000","°C","976.000","hPa","0.861","-0.02617","0.00035","0","0","13.56","Humid","69.95","1","60.00","284033.64","SABD0001000008","AAV1.0.0.11","2.1.0.443","PSt7-10","171011-002","6/6/2018 8:55:32 AM","1443-01","0","no battery","V"
"07/10/2018","11:59:38","2","default","726512009","O2","10.055","min","212.238","μmol/L","Humid","20.259","deg","152022","µV","26.025","°C","1013.000","hPa","40.0","pmil","0","55.500","deg","20.000","°C","100.000","%a.s.","22.080","deg","20.000","°C","976.000","hPa","0.861","-0.02617","0.00035","0","0","13.56","Humid","69.95","1","60.00","284023.72","SABD0001000008","AAV1.0.0.11","2.1.0.443","PSt7-10","171011-002","6/6/2018 8:55:32 AM","1443-01","0","no battery","V"
"07/10/2018","11:59:39","2","default","726512009","O2","10.072","min","212.115","μmol/L","Humid","20.260","deg","152036","µV","26.042","°C","1013.000","hPa","40.0","pmil","0","55.500","deg","20.000","°C","100.000","%a.s.","22.080","deg","20.000","°C","976.000","hPa","0.861","-0.02617","0.00035","0","0","13.56","Humid","69.95","1","60.00","284035.47","SABD0001000008","AAV1.0.0.11","2.1.0.443","PSt7-10","171011-002","6/6/2018 8:55:32 AM","1443-01","0","no battery","V"
"07/10/2018","11:59:40","2","default","726512009","O2","10.089","min","212.083","μmol/L","Humid","20.262","deg","152044","µV","26.041","°C","1013.000","hPa","40.0","pmil","0","55.500","deg","20.000","°C","100.000","%a.s.","22.080","deg","20.000","°C","976.000","hPa","0.861","-0.02617","0.00035","0","0","13.56","Humid","69.95","1","60.00","284038.54","SABD0001000008","AAV1.0.0.11","2.1.0.443","PSt7-10","171011-002","6/6/2018 8:55:32 AM","1443-01","0","no battery","V"
"07/10/2018","11:59:41","2","default","726512009","O2","10.105","min","212.084","μmol/L","Humid","20.262","deg","152049","µV","26.040","°C","1013.000","hPa","40.0","pmil","0","55.500","deg","20.000","°C","100.000","%a.s.","22.080","deg","20.000","°C","976.000","hPa","0.861","-0.02617","0.00035","0","0","13.56","Humid","69.95","1","60.00","284020.31","SABD0001000008","AAV1.0.0.11","2.1.0.443","PSt7-10","171011-002","6/6/2018 8:55:32 AM","1443-01","0","no battery","V"
"07/10/2018","11:59:42","2","default","726512009","O2","10.122","min","212.108","μmol/L","Humid","20.262","deg","152068","µV","26.037","°C","1013.000","hPa","40.0","pmil","0","55.500","deg","20.000","°C","100.000","%a.s.","22.080","deg","20.000","°C","976.000","hPa","0.861","-0.02617","0.00035","0","0","13.56","Humid","69.95","1","60.00","284036.85","SABD0001000008","AAV1.0.0.11","2.1.0.443","PSt7-10","171011-002","6/6/2018 8:55:32 AM","1443-01","0","no battery","V"
"07/10/2018","11:59:43","2","default","726512009","O2","10.139","min","212.028","μmol/L","Humid","20.265","deg","152077","µV","26.040","°C","1013.000","hPa","40.0","pmil","0","55.500","deg","20.000","°C","100.000","%a.s.","22.080","deg","20.000","°C","976.000","hPa","0.861","-0.02617","0.00035","0","0","13.56","Humid","69.95","1","60.00","284015.75","SABD0001000008","AAV1.0.0.11","2.1.0.443","PSt7-10","171011-002","6/6/2018 8:55:32 AM","1443-01","0","no battery","V"
"07/10/2018","11:59:44","2","default","726512009","O2","10.155","min","212.068","μmol/L","Humid","20.264","deg","152080","µV","26.037","°C","1013.000","hPa","40.0","pmil","0","55.500","deg","20.000","°C","100.000","%a.s.","22.080","deg","20.000","°C","976.000","hPa","0.861","-0.02617","0.00035","0","0","13.56","Humid","69.95","1","60.00","284028.68","SABD0001000008","AAV1.0.0.11","2.1.0.443","PSt7-10","171011-002","6/6/2018 8:55:32 AM","1443-01","0","no battery","V"
"07/10/2018","11:59:45","2","default","726512009","O2","10.172","min","211.975","μmol/L","Humid","20.268","deg","152092","µV","26.039","°C","1013.000","hPa","40.0","pmil","0","55.500","deg","20.000","°C","100.000","%a.s.","22.080","deg","20.000","°C","976.000","hPa","0.861","-0.02617","0.00035","0","0","13.56","Humid","69.95","1","60.00","284021.25","SABD0001000008","AAV1.0.0.11","2.1.0.443","PSt7-10","171011-002","6/6/2018 8:55:32 AM","1443-01","0","no battery","V"
"07/10/2018","11:59:46","2","default","726512009","O2","10.189","min","211.988","μmol/L","Humid","20.269","deg","152103","µV","26.034","°C","1013.000","hPa","40.0","pmil","0","55.500","deg","20.000","°C","100.000","%a.s.","22.080","deg","20.000","°C","976.000","hPa","0.861","-0.02617","0.00035","0","0","13.56","Humid","69.95","1","60.00","284037.98","SABD0001000008","AAV1.0.0.11","2.1.0.443","PSt7-10","171011-002","6/6/2018 8:55:32 AM","1443-01","0","no battery","V"
"07/10/2018","11:59:47","2","default","726512009","O2","10.205","min","211.972","μmol/L","Humid","20.272","deg","152111","µV","26.028","°C","1013.000","hPa","40.0","pmil","0","55.500","deg","20.000","°C","100.000","%a.s.","22.080","deg","20.000","°C","976.000","hPa","0.861","-0.02617","0.00035","0","0","13.56","Humid","69.95","1","60.00","284020.18","SABD0001000008","AAV1.0.0.11","2.1.0.443","PSt7-10","171011-002","6/6/2018 8:55:32 AM","1443-01","0","no battery","V"
"07/10/2018","11:59:48","2","default","726512009","O2","10.222","min","211.987","μmol/L","Humid","20.272","deg","152109","µV","26.025","°C","1013.000","hPa","40.0","pmil","0","55.500","deg","20.000","°C","100.000","%a.s.","22.080","deg","20.000","°C","976.000","hPa","0.861","-0.02617","0.00035","0","0","13.56","Humid","69.95","1","60.00","284019.33","SABD0001000008","AAV1.0.0.11","2.1.0.443","PSt7-10","171011-002","6/6/2018 8:55:32 AM","1443-01","0","no battery","V"
"07/10/2018","11:59:49","2","default","726512009","O2","10.238","min","211.912","μmol/L","Humid","20.270","deg","152114","µV","26.043","°C","1013.000","hPa","40.0","pmil","0","55.500","deg","20.000","°C","100.000","%a.s.","22.080","deg","20.000","°C","976.000","hPa","0.861","-0.02617","0.00035","0","0","13.56","Humid","69.95","1","60.00","284021.48","SABD0001000008","AAV1.0.0.11","2.1.0.443","PSt7-10","171011-002","6/6/2018 8:55:32 AM","1443-01","0","no battery","V"
"07/10/2018","11:59:50","2","default","726512009","O2","10.255","min","211.761","μmol/L","Humid","20.276","deg","152128","µV","26.049","°C","1013.000","hPa","40.0","pmil","0","55.500","deg","20.000","°C","100.000","%a.s.","22.080","deg","20.000","°C","976.000","hPa","0.861","-0.02617","0.00035","0","0","13.56","Humid","69.95","1","60.00","284027.29","SABD0001000008","AAV1.0.0.11","2.1.0.443","PSt7-10","171011-002","6/6/2018 8:55:32 AM","1443-01","0","no battery","V"
"07/10/2018","11:59:51","2","default","726512009","O2","10.272","min","211.931","μmol/L","Humid","20.271","deg","152135","µV","26.037","°C","1013.000","hPa","40.0","pmil","0","55.500","deg","20.000","°C","100.000","%a.s.","22.080","deg","20.000","°C","976.000","hPa","0.861","-0.02617","0.00035","0","0","13.56","Humid","69.95","1","60.00","284020.76","SABD0001000008","AAV1.0.0.11","2.1.0.443","PSt7-10","171011-002","6/6/2018 8:55:32 AM","1443-01","0","no battery","V"
"07/10/2018","11:59:52","2","default","726512009","O2","10.289","min","211.871","μmol/L","Humid","20.274","deg","152155","µV","26.038","°C","1013.000","hPa","40.0","pmil","0","55.500","deg","20.000","°C","100.000","%a.s.","22.080","deg","20.000","°C","976.000","hPa","0.861","-0.02617","0.00035","0","0","13.56","Humid","69.95","1","60.00","284018.30","SABD0001000008","AAV1.0.0.11","2.1.0.443","PSt7-10","171011-002","6/6/2018 8:55:32 AM","1443-01","0","no battery","V"
"07/10/2018","11:59:53","2","default","726512009","O2","10.306","min","211.876","μmol/L","Humid","20.277","deg","152157","µV","26.028","°C","1013.000","hPa","40.0","pmil","0","55.500","deg","20.000","°C","100.000","%a.s.","22.080","deg","20.000","°C","976.000","hPa","0.861","-0.02617","0.00035","0","0","13.56","Humid","69.95","1","60.00","284020.71","SABD0001000008","AAV1.0.0.11","2.1.0.443","PSt7-10","171011-002","6/6/2018 8:55:32 AM","1443-01","0","no battery","V"
"07/10/2018","11:59:54","2","default","726512009","O2","10.322","min","211.927","μmol/L","Humid","20.273","deg","152168","µV","26.032","°C","1013.000","hPa","40.0","pmil","0","55.500","deg","20.000","°C","100.000","%a.s.","22.080","deg","20.000","°C","976.000","hPa","0.861","-0.02617","0.00035","0","0","13.56","Humid","69.95","1","60.00","284035.58","SABD0001000008","AAV1.0.0.11","2.1.0.443","PSt7-10","171011-002","6/6/2018 8:55:32 AM","1443-01","0","no battery","V"
"07/10/2018","11:59:55","2","default","726512009","O2","10.338","min","211.829","μmol/L","Humid","20.277","deg","152178","µV","26.035","°C","1013.000","hPa","40.0","pmil","0","55.500","deg","20.000","°C","100.000","%a.s.","22.080","deg","20.000","°C","976.000","hPa","0.861","-0.02617","0.00035","0","0","13.56","Humid","69.95","1","60.00","284018.92","SABD0001000008","AAV1.0.0.11","2.1.0.443","PSt7-10","171011-002","6/6/2018 8:55:32 AM","1443-01","0","no battery","V"
"07/10/2018","11:59:56","2","default","726512009","O2","10.355","min","211.814","μmol/L","Humid","20.280","deg","152191","µV","26.028","°C","1013.000","hPa","40.0","pmil","0","55.500","deg","20.000","°C","100.000","%a.s.","22.080","deg","20.000","°C","976.000","hPa","0.861","-0.02617","0.00035","0","0","13.56","Humid","69.95","1","60.00","284043.26","SABD0001000008","AAV1.0.0.11","2.1.0.443","PSt7-10","171011-002","6/6/2018 8:55:32 AM","1443-01","0","no battery","V"
"07/10/2018","11:59:57","2","default","726512009","O2","10.372","min","211.742","μmol/L","Humid","20.282","deg","152193","µV","26.034","°C","1013.000","hPa","40.0","pmil","0","55.500","deg","20.000","°C","100.000","%a.s.","22.080","deg","20.000","°C","976.000","hPa","0.861","-0.02617","0.00035","0","0","13.56","Humid","69.95","1","60.00","284009.75","SABD0001000008","AAV1.0.0.11","2.1.0.443","PSt7-10","171011-002","6/6/2018 8:55:32 AM","1443-01","0","no battery","V"
"07/10/2018","11:59:58","2","default","726512009","O2","10.389","min","211.749","μmol/L","Humid","20.280","deg","152208","µV","26.039","°C","1013.000","hPa","40.0","pmil","0","55.500","deg","20.000","°C","100.000","%a.s.","22.080","deg","20.000","°C","976.000","hPa","0.861","-0.02617","0.00035","0","0","13.56","Humid","69.95","1","60.00","284023.32","SABD0001000008","AAV1.0.0.11","2.1.0.443","PSt7-10","171011-002","6/6/2018 8:55:32 AM","1443-01","0","no battery","V"
"07/10/2018","11:59:59","2","default","726512009","O2","10.405","min","211.749","μmol/L","Humid","20.283","deg","152215","µV","26.030","°C","1013.000","hPa","40.0","pmil","0","55.500","deg","20.000","°C","100.000","%a.s.","22.080","deg","20.000","°C","976.000","hPa","0.861","-0.02617","0.00035","0","0","13.56","Humid","69.95","1","60.00","284027.72","SABD0001000008","AAV1.0.0.11","2.1.0.443","PSt7-10","171011-002","6/6/2018 8:55:32 AM","1443-01","0","no battery","V"
"07/10/2018","12:00:00","2","default","726512009","O2","10.422","min","211.539","μmol/L","Humid","20.286","deg","152229","µV","26.054","°C","1013.000","hPa","40.0","pmil","0","55.500","deg","20.000","°C","100.000","%a.s.","22.080","deg","20.000","°C","976.000","hPa","0.861","-0.02617","0.00035","0","0","13.56","Humid","69.95","1","60.00","284025.19","SABD0001000008","AAV1.0.0.11","2.1.0.443","PSt7-10","171011-002","6/6/2018 8:55:32 AM","1443-01","0","no battery","V"
"07/10/2018","12:00:01","2","default","726512009","O2","10.439","min","211.632","μmol/L","Humid","20.286","deg","152229","µV","26.039","°C","1013.000","hPa","40.0","pmil","0","55.500","deg","20.000","°C","100.000","%a.s.","22.080","deg","20.000","°C","976.000","hPa","0.861","-0.02617","0.00035","0","0","13.56","Humid","69.95","1","60.00","284020.37","SABD0001000008","AAV1.0.0.11","2.1.0.443","PSt7-10","171011-002","6/6/2018 8:55:32 AM","1443-01","0","no battery","V"
"07/10/2018","12:00:02","2","default","726512009","O2","10.456","min","211.620","μmol/L","Humid","20.287","deg","152246","µV","26.038","°C","1013.000","hPa","40.0","pmil","0","55.500","deg","20.000","°C","100.000","%a.s.","22.080","deg","20.000","°C","976.000","hPa","0.861","-0.02617","0.00035","0","0","13.56","Humid","69.95","1","60.00","284023.82","SABD0001000008","AAV1.0.0.11","2.1.0.443","PSt7-10","171011-002","6/6/2018 8:55:32 AM","1443-01","0","no battery","V"
"07/10/2018","12:00:03","2","default","726512009","O2","10.472","min","211.535","μmol/L","Humid","20.291","deg","152253","µV","26.039","°C","1013.000","hPa","40.0","pmil","0","55.500","deg","20.000","°C","100.000","%a.s.","22.080","deg","20.000","°C","976.000","hPa","0.861","-0.02617","0.00035","0","0","13.56","Humid","69.95","1","60.00","284016.46","SABD0001000008","AAV1.0.0.11","2.1.0.443","PSt7-10","171011-002","6/6/2018 8:55:32 AM","1443-01","0","no battery","V"
"07/10/2018","12:00:04","2","default","726512009","O2","10.488","min","211.526","μmol/L","Humid","20.288","deg","152261","µV","26.050","°C","1013.000","hPa","40.0","pmil","0","55.500","deg","20.000","°C","100.000","%a.s.","22.080","deg","20.000","°C","976.000","hPa","0.861","-0.02617","0.00035","0","0","13.56","Humid","69.95","1","60.00","284018.36","SABD0001000008","AAV1.0.0.11","2.1.0.443","PSt7-10","171011-002","6/6/2018 8:55:32 AM","1443-01","0","no battery","V"
"07/10/2018","12:00:05","2","default","726512009","O2","10.505","min","211.547","μmol/L","Humid","20.292","deg","152274","µV","26.034","°C","1013.000","hPa","40.0","pmil","0","55.500","deg","20.000","°C","100.000","%a.s.","22.080","deg","20.000","°C","976.000","hPa","0.861","-0.02617","0.00035","0","0","13.56","Humid","69.95","1","60.00","284019.94","SABD0001000008","AAV1.0.0.11","2.1.0.443","PSt7-10","171011-002","6/6/2018 8:55:32 AM","1443-01","0","no battery","V"
"07/10/2018","12:00:06","2","default","726512009","O2","10.522","min","211.624","μmol/L","Humid","20.289","deg","152293","µV","26.031","°C","1013.000","hPa","40.0","pmil","0","55.500","deg","20.000","°C","100.000","%a.s.","22.080","deg","20.000","°C","976.000","hPa","0.861","-0.02617","0.00035","0","0","13.56","Humid","69.95","1","60.00","284018.38","SABD0001000008","AAV1.0.0.11","2.1.0.443","PSt7-10","171011-002","6/6/2018 8:55:32 AM","1443-01","0","no battery","V"
"07/10/2018","12:00:07","2","default","726512009","O2","10.538","min","211.452","μmol/L","Humid","20.296","deg","152297","µV","26.037","°C","1013.000","hPa","40.0","pmil","0","55.500","deg","20.000","°C","100.000","%a.s.","22.080","deg","20.000","°C","976.000","hPa","0.861","-0.02617","0.00035","0","0","13.56","Humid","69.95","1","60.00","284019.45","SABD0001000008","AAV1.0.0.11","2.1.0.443","PSt7-10","171011-002","6/6/2018 8:55:32 AM","1443-01","0","no battery","V"
"07/10/2018","12:00:08","2","default","726512009","O2","10.555","min","211.464","μmol/L","Humid","20.295","deg","152314","µV","26.039","°C","1013.000","hPa","40.0","pmil","0","55.500","deg","20.000","°C","100.000","%a.s.","22.080","deg","20.000","°C","976.000","hPa","0.861","-0.02617","0.00035","0","0","13.56","Humid","69.95","1","60.00","284030.03","SABD0001000008","AAV1.0.0.11","2.1.0.443","PSt7-10","171011-002","6/6/2018 8:55:32 AM","1443-01","0","no battery","V"
"07/10/2018","12:00:09","2","default","726512009","O2","10.572","min","211.389","μmol/L","Humid","20.297","deg","152321","µV","26.044","°C","1013.000","hPa","40.0","pmil","0","55.500","deg","20.000","°C","100.000","%a.s.","22.080","deg","20.000","°C","976.000","hPa","0.861","-0.02617","0.00035","0","0","13.56","Humid","69.95","1","60.00","284029.03","SABD0001000008","AAV1.0.0.11","2.1.0.443","PSt7-10","171011-002","6/6/2018 8:55:32 AM","1443-01","0","no battery","V"
"07/10/2018","12:00:10","2","default","726512009","O2","10.589","min","211.362","μmol/L","Humid","20.299","deg","152323","µV","26.043","°C","1013.000","hPa","40.0","pmil","0","55.500","deg","20.000","°C","100.000","%a.s.","22.080","deg","20.000","°C","976.000","hPa","0.861","-0.02617","0.00035","0","0","13.56","Humid","69.95","1","60.00","284012.83","SABD0001000008","AAV1.0.0.11","2.1.0.443","PSt7-10","171011-002","6/6/2018 8:55:32 AM","1443-01","0","no battery","V"
"07/10/2018","12:00:11","2","default","726512009","O2","10.606","min","211.352","μmol/L","Humid","20.300","deg","152340","µV","26.041","°C","1013.000","hPa","40.0","pmil","0","55.500","deg","20.000","°C","100.000","%a.s.","22.080","deg","20.000","°C","976.000","hPa","0.861","-0.02617","0.00035","0","0","13.56","Humid","69.95","1","60.00","284012.77","SABD0001000008","AAV1.0.0.11","2.1.0.443","PSt7-10","171011-002","6/6/2018 8:55:32 AM","1443-01","0","no battery","V"
"07/10/2018","12:00:12","2","default","726512009","O2","10.622","min","211.418","μmol/L","Humid","20.296","deg","152346","µV","26.043","°C","1013.000","hPa","40.0","pmil","0","55.500","deg","20.000","°C","100.000","%a.s.","22.080","deg","20.000","°C","976.000","hPa","0.861","-0.02617","0.00035","0","0","13.56","Humid","69.95","1","60.00","284023.99","SABD0001000008","AAV1.0.0.11","2.1.0.443","PSt7-10","171011-002","6/6/2018 8:55:32 AM","1443-01","0","no battery","V"
"07/10/2018","12:00:13","2","default","726512009","O2","10.639","min","211.435","μmol/L","Humid","20.300","deg","152355","µV","26.028","°C","1013.000","hPa","40.0","pmil","0","55.500","deg","20.000","°C","100.000","%a.s.","22.080","deg","20.000","°C","976.000","hPa","0.861","-0.02617","0.00035","0","0","13.56","Humid","69.95","1","60.00","284025.26","SABD0001000008","AAV1.0.0.11","2.1.0.443","PSt7-10","171011-002","6/6/2018 8:55:32 AM","1443-01","0","no battery","V"
"07/10/2018","12:00:14","2","default","726512009","O2","10.656","min","211.262","μmol/L","Humid","20.302","deg","152366","µV","26.049","°C","1013.000","hPa","40.0","pmil","0","55.500","deg","20.000","°C","100.000","%a.s.","22.080","deg","20.000","°C","976.000","hPa","0.861","-0.02617","0.00035","0","0","13.56","Humid","69.95","1","60.00","284020.95","SABD0001000008","AAV1.0.0.11","2.1.0.443","PSt7-10","171011-002","6/6/2018 8:55:32 AM","1443-01","0","no battery","V"
"07/10/2018","12:00:15","2","default","726512009","O2","10.672","min","211.288","μmol/L","Humid","20.303","deg","152369","µV","26.042","°C","1013.000","hPa","40.0","pmil","0","55.500","deg","20.000","°C","100.000","%a.s.","22.080","deg","20.000","°C","976.000","hPa","0.861","-0.02617","0.00035","0","0","13.56","Humid","69.95","1","60.00","284022.38","SABD0001000008","AAV1.0.0.11","2.1.0.443","PSt7-10","171011-002","6/6/2018 8:55:32 AM","1443-01","0","no battery","V"
"07/10/2018","12:00:16","2","default","726512009","O2","10.688","min","211.331","μmol/L","Humid","20.303","deg","152381","µV","26.035","°C","1013.000","hPa","40.0","pmil","0","55.500","deg","20.000","°C","100.000","%a.s.","22.080","deg","20.000","°C","976.000","hPa","0.861","-0.02617","0.00035","0","0","13.56","Humid","69.95","1","60.00","284017.57","SABD0001000008","AAV1.0.0.11","2.1.0.443","PSt7-10","171011-002","6/6/2018 8:55:32 AM","1443-01","0","no battery","V"
"07/10/2018","12:00:17","2","default","726512009","O2","10.706","min","211.300","μmol/L","Humid","20.306","deg","152397","µV","26.031","°C","1013.000","hPa","40.0","pmil","0","55.500","deg","20.000","°C","100.000","%a.s.","22.080","deg","20.000","°C","976.000","hPa","0.861","-0.02617","0.00035","0","0","13.56","Humid","69.95","1","60.00","284032.91","SABD0001000008","AAV1.0.0.11","2.1.0.443","PSt7-10","171011-002","6/6/2018 8:55:32 AM","1443-01","0","no battery","V"
"07/10/2018","12:00:18","2","default","726512009","O2","10.722","min","211.138","μmol/L","Humid","20.308","deg","152406","µV","26.051","°C","1013.000","hPa","40.0","pmil","0","55.500","deg","20.000","°C","100.000","%a.s.","22.080","deg","20.000","°C","976.000","hPa","0.861","-0.02617","0.00035","0","0","13.56","Humid","69.95","1","60.00","284012.87","SABD0001000008","AAV1.0.0.11","2.1.0.443","PSt7-10","171011-002","6/6/2018 8:55:32 AM","1443-01","0","no battery","V"
"07/10/2018","12:00:19","2","default","726512009","O2","10.739","min","211.259","μmol/L","Humid","20.305","deg","152415","µV","26.041","°C","1013.000","hPa","40.0","pmil","0","55.500","deg","20.000","°C","100.000","%a.s.","22.080","deg","20.000","°C","976.000","hPa","0.861","-0.02617","0.00035","0","0","13.56","Humid","69.95","1","60.00","284008.40","SABD0001000008","AAV1.0.0.11","2.1.0.443","PSt7-10","171011-002","6/6/2018 8:55:32 AM","1443-01","0","no battery","V"
"07/10/2018","12:00:20","2","default","726512009","O2","10.755","min","211.163","μmol/L","Humid","20.310","deg","152414","µV","26.041","°C","1013.000","hPa","40.0","pmil","0","55.500","deg","20.000","°C","100.000","%a.s.","22.080","deg","20.000","°C","976.000","hPa","0.861","-0.02617","0.00035","0","0","13.56","Humid","69.95","1","60.00","284016.94","SABD0001000008","AAV1.0.0.11","2.1.0.443","PSt7-10","171011-002","6/6/2018 8:55:32 AM","1443-01","0","no battery","V"
"07/10/2018","12:00:21","2","default","726512009","O2","10.772","min","211.172","μmol/L","Humid","20.309","deg","152431","µV","26.042","°C","1013.000","hPa","40.0","pmil","0","55.500","deg","20.000","°C","100.000","%a.s.","22.080","deg","20.000","°C","976.000","hPa","0.861","-0.02617","0.00035","0","0","13.56","Humid","69.95","1","60.00","284011.10","SABD0001000008","AAV1.0.0.11","2.1.0.443","PSt7-10","171011-002","6/6/2018 8:55:32 AM","1443-01","0","no battery","V"
"07/10/2018","12:00:22","2","default","726512009","O2","10.788","min","211.141","μmol/L","Humid","20.310","deg","152441","µV","26.044","°C","1013.000","hPa","40.0","pmil","0","55.500","deg","20.000","°C","100.000","%a.s.","22.080","deg","20.000","°C","976.000","hPa","0.861","-0.02617","0.00035","0","0","13.56","Humid","69.95","1","60.00","284021.17","SABD0001000008","AAV1.0.0.11","2.1.0.443","PSt7-10","171011-002","6/6/2018 8:55:32 AM","1443-01","0","no battery","V"
"07/10/2018","12:00:23","2","default","726512009","O2","10.805","min","211.052","μmol/L","Humid","20.311","deg","152448","µV","26.056","°C","1013.000","hPa","40.0","pmil","0","55.500","deg","20.000","°C","100.000","%a.s.","22.080","deg","20.000","°C","976.000","hPa","0.861","-0.02617","0.00035","0","0","13.56","Humid","69.95","1","60.00","284022.12","SABD0001000008","AAV1.0.0.11","2.1.0.443","PSt7-10","171011-002","6/6/2018 8:55:32 AM","1443-01","0","no battery","V"
"07/10/2018","12:00:24","2","default","726512009","O2","10.822","min","211.043","μmol/L","Humid","20.312","deg","152460","µV","26.054","°C","1013.000","hPa","40.0","pmil","0","55.500","deg","20.000","°C","100.000","%a.s.","22.080","deg","20.000","°C","976.000","hPa","0.861","-0.02617","0.00035","0","0","13.56","Humid","69.95","1","60.00","284020.53","SABD0001000008","AAV1.0.0.11","2.1.0.443","PSt7-10","171011-002","6/6/2018 8:55:32 AM","1443-01","0","no battery","V"
"07/10/2018","12:00:25","2","default","726512009","O2","10.839","min","211.076","μmol/L","Humid","20.314","deg","152470","µV","26.043","°C","1013.000","hPa","40.0","pmil","0","55.500","deg","20.000","°C","100.000","%a.s.","22.080","deg","20.000","°C","976.000","hPa","0.861","-0.02617","0.00035","0","0","13.56","Humid","69.95","1","60.00","284022.75","SABD0001000008","AAV1.0.0.11","2.1.0.443","PSt7-10","171011-002","6/6/2018 8:55:32 AM","1443-01","0","no battery","V"
"07/10/2018","12:00:26","2","default","726512009","O2","10.855","min","211.006","μmol/L","Humid","20.315","deg","152472","µV","26.051","°C","1013.000","hPa","40.0","pmil","0","55.500","deg","20.000","°C","100.000","%a.s.","22.080","deg","20.000","°C","976.000","hPa","0.861","-0.02617","0.00035","0","0","13.56","Humid","69.95","1","60.00","284014.94","SABD0001000008","AAV1.0.0.11","2.1.0.443","PSt7-10","171011-002","6/6/2018 8:55:32 AM","1443-01","0","no battery","V"
"07/10/2018","12:00:27","2","default","726512009","O2","10.872","min","210.980","μmol/L","Humid","20.315","deg","152471","µV","26.055","°C","1013.000","hPa","40.0","pmil","0","55.500","deg","20.000","°C","100.000","%a.s.","22.080","deg","20.000","°C","976.000","hPa","0.861","-0.02617","0.00035","0","0","13.56","Humid","69.95","1","60.00","284011.85","SABD0001000008","AAV1.0.0.11","2.1.0.443","PSt7-10","171011-002","6/6/2018 8:55:32 AM","1443-01","0","no battery","V"
"07/10/2018","12:00:28","2","default","726512009","O2","10.888","min","211.047","μmol/L","Humid","20.317","deg","152486","µV","26.038","°C","1013.000","hPa","40.0","pmil","0","55.500","deg","20.000","°C","100.000","%a.s.","22.080","deg","20.000","°C","976.000","hPa","0.861","-0.02617","0.00035","0","0","13.56","Humid","69.95","1","60.00","284005.40","SABD0001000008","AAV1.0.0.11","2.1.0.443","PSt7-10","171011-002","6/6/2018 8:55:32 AM","1443-01","0","no battery","V"
"07/10/2018","12:00:29","2","default","726512009","O2","10.906","min","210.924","μmol/L","Humid","20.319","deg","152498","µV","26.052","°C","1013.000","hPa","40.0","pmil","0","55.500","deg","20.000","°C","100.000","%a.s.","22.080","deg","20.000","°C","976.000","hPa","0.861","-0.02617","0.00035","0","0","13.56","Humid","69.95","1","60.00","284002.47","SABD0001000008","AAV1.0.0.11","2.1.0.443","PSt7-10","171011-002","6/6/2018 8:55:32 AM","1443-01","0","no battery","V"
"07/10/2018","12:00:30","2","default","726512009","O2","10.922","min","210.881","μmol/L","Humid","20.321","deg","152516","µV","26.052","°C","1013.000","hPa","40.0","pmil","0","55.500","deg","20.000","°C","100.000","%a.s.","22.080","deg","20.000","°C","976.000","hPa","0.861","-0.02617","0.00035","0","0","13.56","Humid","69.95","1","60.00","284003.56","SABD0001000008","AAV1.0.0.11","2.1.0.443","PSt7-10","171011-002","6/6/2018 8:55:32 AM","1443-01","0","no battery","V"
"07/10/2018","12:00:31","2","default","726512009","O2","10.939","min","210.880","μmol/L","Humid","20.320","deg","152511","µV","26.056","°C","1013.000","hPa","40.0","pmil","0","55.500","deg","20.000","°C","100.000","%a.s.","22.080","deg","20.000","°C","976.000","hPa","0.861","-0.02617","0.00035","0","0","13.56","Humid","69.95","1","60.00","284009.75","SABD0001000008","AAV1.0.0.11","2.1.0.443","PSt7-10","171011-002","6/6/2018 8:55:32 AM","1443-01","0","no battery","V"
"07/10/2018","12:00:32","2","default","726512009","O2","10.956","min","210.920","μmol/L","Humid","20.319","deg","152509","µV","26.052","°C","1013.000","hPa","40.0","pmil","0","55.500","deg","20.000","°C","100.000","%a.s.","22.080","deg","20.000","°C","976.000","hPa","0.861","-0.02617","0.00035","0","0","13.56","Humid","69.95","1","60.00","283986.84","SABD0001000008","AAV1.0.0.11","2.1.0.443","PSt7-10","171011-002","6/6/2018 8:55:32 AM","1443-01","0","no battery","V"
"07/10/2018","12:00:33","2","default","726512009","O2","10.972","min","210.973","μmol/L","Humid","20.321","deg","152513","µV","26.038","°C","1013.000","hPa","40.0","pmil","0","55.500","deg","20.000","°C","100.000","%a.s.","22.080","deg","20.000","°C","976.000","hPa","0.861","-0.02617","0.00035","0","0","13.56","Humid","69.95","1","60.00","284001.35","SABD0001000008","AAV1.0.0.11","2.1.0.443","PSt7-10","171011-002","6/6/2018 8:55:32 AM","1443-01","0","no battery","V"
"07/10/2018","12:00:34","2","default","726512009","O2","10.988","min","210.916","μmol/L","Humid","20.324","deg","152528","µV","26.038","°C","1013.000","hPa","40.0","pmil","0","55.500","deg","20.000","°C","100.000","%a.s.","22.080","deg","20.000","°C","976.000","hPa","0.861","-0.02617","0.00035","0","0","13.56","Humid","69.95","1","60.00","283999.31","SABD0001000008","AAV1.0.0.11","2.1.0.443","PSt7-10","171011-002","6/6/2018 8:55:32 AM","1443-01","0","no battery","V"
"07/10/2018","12:00:35","2","default","726512009","O2","11.005","min","210.819","μmol/L","Humid","20.325","deg","152462","µV","26.050","°C","1013.000","hPa","40.0","pmil","0","55.500","deg","20.000","°C","100.000","%a.s.","22.080","deg","20.000","°C","976.000","hPa","0.861","-0.02617","0.00035","0","0","13.56","Humid","69.95","1","60.00","284003.90","SABD0001000008","AAV1.0.0.11","2.1.0.443","PSt7-10","171011-002","6/6/2018 8:55:32 AM","1443-01","0","no battery","V"
"07/10/2018","12:00:36","2","default","726512009","O2","11.022","min","210.775","μmol/L","Humid","20.325","deg","152257","µV","26.057","°C","1013.000","hPa","40.0","pmil","0","55.500","deg","20.000","°C","100.000","%a.s.","22.080","deg","20.000","°C","976.000","hPa","0.861","-0.02617","0.00035","0","0","13.56","Humid","69.95","1","60.00","284005.48","SABD0001000008","AAV1.0.0.11","2.1.0.443","PSt7-10","171011-002","6/6/2018 8:55:32 AM","1443-01","0","no battery","V"
"07/10/2018","12:00:37","2","default","726512009","O2","11.039","min","210.771","μmol/L","Humid","20.326","deg","152321","µV","26.055","°C","1013.000","hPa","40.0","pmil","0","55.500","deg","20.000","°C","100.000","%a.s.","22.080","deg","20.000","°C","976.000","hPa","0.861","-0.02617","0.00035","0","0","13.56","Humid","69.95","1","60.00","284004.61","SABD0001000008","AAV1.0.0.11","2.1.0.443","PSt7-10","171011-002","6/6/2018 8:55:32 AM","1443-01","0","no battery","V"
"07/10/2018","12:00:38","2","default","726512009","O2","11.055","min","210.694","μmol/L","Humid","20.326","deg","152686","µV","26.067","°C","1013.000","hPa","40.0","pmil","0","55.500","deg","20.000","°C","100.000","%a.s.","22.080","deg","20.000","°C","976.000","hPa","0.861","-0.02617","0.00035","0","0","13.56","Humid","69.95","1","60.00","284000.52","SABD0001000008","AAV1.0.0.11","2.1.0.443","PSt7-10","171011-002","6/6/2018 8:55:32 AM","1443-01","0","no battery","V"
"07/10/2018","12:00:39","2","default","726512009","O2","11.072","min","210.793","μmol/L","Humid","20.325","deg","152610","µV","26.054","°C","1013.000","hPa","40.0","pmil","0","55.500","deg","20.000","°C","100.000","%a.s.","22.080","deg","20.000","°C","976.000","hPa","0.861","-0.02617","0.00035","0","0","13.56","Humid","69.95","1","60.00","283994.63","SABD0001000008","AAV1.0.0.11","2.1.0.443","PSt7-10","171011-002","6/6/2018 8:55:32 AM","1443-01","0","no battery","V"
"07/10/2018","12:00:40","2","default","726512009","O2","11.088","min","210.689","μmol/L","Humid","20.328","deg","152587","µV","26.062","°C","1013.000","hPa","40.0","pmil","0","55.500","deg","20.000","°C","100.000","%a.s.","22.080","deg","20.000","°C","976.000","hPa","0.861","-0.02617","0.00035","0","0","13.56","Humid","69.95","1","60.00","283994.88","SABD0001000008","AAV1.0.0.11","2.1.0.443","PSt7-10","171011-002","6/6/2018 8:55:32 AM","1443-01","0","no battery","V"
"07/10/2018","12:00:41","2","default","726512009","O2","11.105","min","210.810","μmol/L","Humid","20.324","deg","152636","µV","26.055","°C","1013.000","hPa","40.0","pmil","0","55.500","deg","20.000","°C","100.000","%a.s.","22.080","deg","20.000","°C","976.000","hPa","0.861","-0.02617","0.00035","0","0","13.56","Humid","69.95","1","60.00","283995.78","SABD0001000008","AAV1.0.0.11","2.1.0.443","PSt7-10","171011-002","6/6/2018 8:55:32 AM","1443-01","0","no battery","V"
"07/10/2018","12:00:42","2","default","726512009","O2","11.122","min","210.788","μmol/L","Humid","20.325","deg","152617","µV","26.055","°C","1013.000","hPa","40.0","pmil","0","55.500","deg","20.000","°C","100.000","%a.s.","22.080","deg","20.000","°C","976.000","hPa","0.861","-0.02617","0.00035","0","0","13.56","Humid","69.95","1","60.00","283993.15","SABD0001000008","AAV1.0.0.11","2.1.0.443","PSt7-10","171011-002","6/6/2018 8:55:32 AM","1443-01","0","no battery","V"
"07/10/2018","12:00:43","2","default","726512009","O2","11.139","min","210.724","μmol/L","Humid","20.327","deg","152647","µV","26.059","°C","1013.000","hPa","40.0","pmil","0","55.500","deg","20.000","°C","100.000","%a.s.","22.080","deg","20.000","°C","976.000","hPa","0.861","-0.02617","0.00035","0","0","13.56","Humid","69.95","1","60.00","284009.91","SABD0001000008","AAV1.0.0.11","2.1.0.443","PSt7-10","171011-002","6/6/2018 8:55:32 AM","1443-01","0","no battery","V"
"07/10/2018","12:00:44","2","default","726512009","O2","11.155","min","210.681","μmol/L","Humid","20.331","deg","152646","µV","26.054","°C","1013.000","hPa","40.0","pmil","0","55.500","deg","20.000","°C","100.000","%a.s.","22.080","deg","20.000","°C","976.000","hPa","0.861","-0.02617","0.00035","0","0","13.56","Humid","69.95","1","60.00","283997.62","SABD0001000008","AAV1.0.0.11","2.1.0.443","PSt7-10","171011-002","6/6/2018 8:55:32 AM","1443-01","0","no battery","V"
"07/10/2018","12:00:45","2","default","726512009","O2","11.172","min","210.737","μmol/L","Humid","20.330","deg","152659","µV","26.048","°C","1013.000","hPa","40.0","pmil","0","55.500","deg","20.000","°C","100.000","%a.s.","22.080","deg","20.000","°C","976.000","hPa","0.861","-0.02617","0.00035","0","0","13.56","Humid","69.95","1","60.00","284012.03","SABD0001000008","AAV1.0.0.11","2.1.0.443","PSt7-10","171011-002","6/6/2018 8:55:32 AM","1443-01","0","no battery","V"
"07/10/2018","12:00:46","2","default","726512009","O2","11.188","min","210.591","μmol/L","Humid","20.333","deg","152657","µV","26.062","°C","1013.000","hPa","40.0","pmil","0","55.500","deg","20.000","°C","100.000","%a.s.","22.080","deg","20.000","°C","976.000","hPa","0.861","-0.02617","0.00035","0","0","13.56","Humid","69.95","1","60.00","284001.62","SABD0001000008","AAV1.0.0.11","2.1.0.443","PSt7-10","171011-002","6/6/2018 8:55:32 AM","1443-01","0","no battery","V"
"07/10/2018","12:00:47","2","default","726512009","O2","11.209","min","210.601","μmol/L","Humid","20.333","deg","152674","µV","26.061","°C","1013.000","hPa","40.0","pmil","0","55.500","deg","20.000","°C","100.000","%a.s.","22.080","deg","20.000","°C","976.000","hPa","0.861","-0.02617","0.00035","0","0","13.56","Humid","69.95","1","60.00","284012.26","SABD0001000008","AAV1.0.0.11","2.1.0.443","PSt7-10","171011-002","6/6/2018 8:55:32 AM","1443-01","0","no battery","V"
"07/10/2018","12:00:48","2","default","726512009","O2","11.222","min","210.585","μmol/L","Humid","20.332","deg","152662","µV","26.066","°C","1013.000","hPa","40.0","pmil","0","55.500","deg","20.000","°C","100.000","%a.s.","22.080","deg","20.000","°C","976.000","hPa","0.861","-0.02617","0.00035","0","0","13.56","Humid","69.95","1","60.00","283992.16","SABD0001000008","AAV1.0.0.11","2.1.0.443","PSt7-10","171011-002","6/6/2018 8:55:32 AM","1443-01","0","no battery","V"
"07/10/2018","12:00:49","2","default","726512009","O2","11.242","min","210.597","μmol/L","Humid","20.333","deg","152690","µV","26.062","°C","1013.000","hPa","40.0","pmil","0","55.500","deg","20.000","°C","100.000","%a.s.","22.080","deg","20.000","°C","976.000","hPa","0.861","-0.02617","0.00035","0","0","13.56","Humid","69.95","1","60.00","284006.59","SABD0001000008","AAV1.0.0.11","2.1.0.443","PSt7-10","171011-002","6/6/2018 8:55:32 AM","1443-01","0","no battery","V"
"07/10/2018","12:00:50","2","default","726512009","O2","11.255","min","210.527","μmol/L","Humid","20.335","deg","152662","µV","26.067","°C","1013.000","hPa","40.0","pmil","0","55.500","deg","20.000","°C","100.000","%a.s.","22.080","deg","20.000","°C","976.000","hPa","0.861","-0.02617","0.00035","0","0","13.56","Humid","69.95","1","60.00","283989.31","SABD0001000008","AAV1.0.0.11","2.1.0.443","PSt7-10","171011-002","6/6/2018 8:55:32 AM","1443-01","0","no battery","V"
"07/10/2018","12:00:51","2","default","726512009","O2","11.272","min","210.646","μmol/L","Humid","20.332","deg","152686","µV","26.057","°C","1013.000","hPa","40.0","pmil","0","55.500","deg","20.000","°C","100.000","%a.s.","22.080","deg","20.000","°C","976.000","hPa","0.861","-0.02617","0.00035","0","0","13.56","Humid","69.95","1","60.00","284004.04","SABD0001000008","AAV1.0.0.11","2.1.0.443","PSt7-10","171011-002","6/6/2018 8:55:32 AM","1443-01","0","no battery","V"
"07/10/2018","12:00:52","2","default","726512009","O2","11.289","min","210.531","μmol/L","Humid","20.334","deg","152692","µV","26.069","°C","1013.000","hPa","40.0","pmil","0","55.500","deg","20.000","°C","100.000","%a.s.","22.080","deg","20.000","°C","976.000","hPa","0.861","-0.02617","0.00035","0","0","13.56","Humid","69.95","1","60.00","283990.93","SABD0001000008","AAV1.0.0.11","2.1.0.443","PSt7-10","171011-002","6/6/2018 8:55:32 AM","1443-01","0","no battery","V"
"07/10/2018","12:00:53","2","default","726512009","O2","11.306","min","210.619","μmol/L","Humid","20.336","deg","152696","µV","26.049","°C","1013.000","hPa","40.0","pmil","0","55.500","deg","20.000","°C","100.000","%a.s.","22.080","deg","20.000","°C","976.000","hPa","0.861","-0.02617","0.00035","0","0","13.56","Humid","69.95","1","60.00","284000.37","SABD0001000008","AAV1.0.0.11","2.1.0.443","PSt7-10","171011-002","6/6/2018 8:55:32 AM","1443-01","0","no battery","V"
"07/10/2018","12:00:54","2","default","726512009","O2","11.322","min","210.612","μmol/L","Humid","20.337","deg","152692","µV","26.047","°C","1013.000","hPa","40.0","pmil","0","55.500","deg","20.000","°C","100.000","%a.s.","22.080","deg","20.000","°C","976.000","hPa","0.861","-0.02617","0.00035","0","0","13.56","Humid","69.95","1","60.00","284003.53","SABD0001000008","AAV1.0.0.11","2.1.0.443","PSt7-10","171011-002","6/6/2018 8:55:32 AM","1443-01","0","no battery","V"
"07/10/2018","12:00:55","2","default","726512009","O2","11.339","min","210.625","μmol/L","Humid","20.335","deg","152708","µV","26.051","°C","1013.000","hPa","40.0","pmil","0","55.500","deg","20.000","°C","100.000","%a.s.","22.080","deg","20.000","°C","976.000","hPa","0.861","-0.02617","0.00035","0","0","13.56","Humid","69.95","1","60.00","283991.70","SABD0001000008","AAV1.0.0.11","2.1.0.443","PSt7-10","171011-002","6/6/2018 8:55:32 AM","1443-01","0","no battery","V"
"07/10/2018","12:00:56","2","default","726512009","O2","11.356","min","210.451","μmol/L","Humid","20.338","deg","152707","µV","26.070","°C","1013.000","hPa","40.0","pmil","0","55.500","deg","20.000","°C","100.000","%a.s.","22.080","deg","20.000","°C","976.000","hPa","0.861","-0.02617","0.00035","0","0","13.56","Humid","69.95","1","60.00","283999.42","SABD0001000008","AAV1.0.0.11","2.1.0.443","PSt7-10","171011-002","6/6/2018 8:55:32 AM","1443-01","0","no battery","V"
"07/10/2018","12:00:57","2","default","726512009","O2","11.372","min","210.509","μmol/L","Humid","20.338","deg","152713","µV","26.060","°C","1013.000","hPa","40.0","pmil","0","55.500","deg","20.000","°C","100.000","%a.s.","22.080","deg","20.000","°C","976.000","hPa","0.861","-0.02617","0.00035","0","0","13.56","Humid","69.95","1","60.00","283996.23","SABD0001000008","AAV1.0.0.11","2.1.0.443","PSt7-10","171011-002","6/6/2018 8:55:32 AM","1443-01","0","no battery","V"
"07/10/2018","12:00:58","2","default","726512009","O2","11.389","min","210.388","μmol/L","Humid","20.342","deg","152725","µV","26.068","°C","1013.000","hPa","40.0","pmil","0","55.500","deg","20.000","°C","100.000","%a.s.","22.080","deg","20.000","°C","976.000","hPa","0.861","-0.02617","0.00035","0","0","13.56","Humid","69.95","1","60.00","284001.10","SABD0001000008","AAV1.0.0.11","2.1.0.443","PSt7-10","171011-002","6/6/2018 8:55:32 AM","1443-01","0","no battery","V"
"07/10/2018","12:00:59","2","default","726512009","O2","11.409","min","210.476","μmol/L","Humid","20.340","deg","152745","µV","26.060","°C","1013.000","hPa","40.0","pmil","0","55.500","deg","20.000","°C","100.000","%a.s.","22.080","deg","20.000","°C","976.000","hPa","0.861","-0.02617","0.00035","0","0","13.56","Humid","69.95","1","60.00","283996.28","SABD0001000008","AAV1.0.0.11","2.1.0.443","PSt7-10","171011-002","6/6/2018 8:55:32 AM","1443-01","0","no battery","V"
"07/10/2018","12:01:00","2","default","726512009","O2","11.426","min","210.461","μmol/L","Humid","20.340","deg","152748","µV","26.062","°C","1013.000","hPa","40.0","pmil","0","55.500","deg","20.000","°C","100.000","%a.s.","22.080","deg","20.000","°C","976.000","hPa","0.861","-0.02617","0.00035","0","0","13.56","Humid","69.95","1","60.00","284003.16","SABD0001000008","AAV1.0.0.11","2.1.0.443","PSt7-10","171011-002","6/6/2018 8:55:32 AM","1443-01","0","no battery","V"
"07/10/2018","12:01:01","2","default","726512009","O2","11.440","min","210.462","μmol/L","Humid","20.341","deg","152752","µV","26.059","°C","1013.000","hPa","40.0","pmil","0","55.500","deg","20.000","°C","100.000","%a.s.","22.080","deg","20.000","°C","976.000","hPa","0.861","-0.02617","0.00035","0","0","13.56","Humid","69.95","1","60.00","283992.14","SABD0001000008","AAV1.0.0.11","2.1.0.443","PSt7-10","171011-002","6/6/2018 8:55:32 AM","1443-01","0","no battery","V"
"07/10/2018","12:01:02","2","default","726512009","O2","11.457","min","210.359","μmol/L","Humid","20.342","deg","152751","µV","26.072","°C","1013.000","hPa","40.0","pmil","0","55.500","deg","20.000","°C","100.000","%a.s.","22.080","deg","20.000","°C","976.000","hPa","0.861","-0.02617","0.00035","0","0","13.56","Humid","69.95","1","60.00","283992.88","SABD0001000008","AAV1.0.0.11","2.1.0.443","PSt7-10","171011-002","6/6/2018 8:55:32 AM","1443-01","0","no battery","V"
"07/10/2018","12:01:03","2","default","726512009","O2","11.475","min","210.355","μmol/L","Humid","20.346","deg","152777","µV","26.061","°C","1013.000","hPa","40.0","pmil","0","55.500","deg","20.000","°C","100.000","%a.s.","22.080","deg","20.000","°C","976.000","hPa","0.861","-0.02617","0.00035","0","0","13.56","Humid","69.95","1","60.00","284005.97","SABD0001000008","AAV1.0.0.11","2.1.0.443","PSt7-10","171011-002","6/6/2018 8:55:32 AM","1443-01","0","no battery","V"
"07/10/2018","12:01:04","2","default","726512009","O2","11.490","min","210.400","μmol/L","Humid","20.344","deg","152775","µV","26.059","°C","1013.000","hPa","40.0","pmil","0","55.500","deg","20.000","°C","100.000","%a.s.","22.080","deg","20.000","°C","976.000","hPa","0.861","-0.02617","0.00035","0","0","13.56","Humid","69.95","1","60.00","283993.45","SABD0001000008","AAV1.0.0.11","2.1.0.443","PSt7-10","171011-002","6/6/2018 8:55:32 AM","1443-01","0","no battery","V"
"07/10/2018","12:01:05","2","default","726512009","O2","11.506","min","210.357","μmol/L","Humid","20.344","deg","152771","µV","26.066","°C","1013.000","hPa","40.0","pmil","0","55.500","deg","20.000","°C","100.000","%a.s.","22.080","deg","20.000","°C","976.000","hPa","0.861","-0.02617","0.00035","0","0","13.56","Humid","69.95","1","60.00","283987.15","SABD0001000008","AAV1.0.0.11","2.1.0.443","PSt7-10","171011-002","6/6/2018 8:55:32 AM","1443-01","0","no battery","V"
"07/10/2018","12:01:06","2","default","726512009","O2","11.522","min","210.414","μmol/L","Humid","20.344","deg","152775","µV","26.057","°C","1013.000","hPa","40.0","pmil","0","55.500","deg","20.000","°C","100.000","%a.s.","22.080","deg","20.000","°C","976.000","hPa","0.861","-0.02617","0.00035","0","0","13.56","Humid","69.95","1","60.00","283977.14","SABD0001000008","AAV1.0.0.11","2.1.0.443","PSt7-10","171011-002","6/6/2018 8:55:32 AM","1443-01","0","no battery","V"
"07/10/2018","12:01:07","2","default","726512009","O2","11.540","min","210.273","μmol/L","Humid","20.347","deg","152795","µV","26.071","°C","1013.000","hPa","40.0","pmil","0","55.500","deg","20.000","°C","100.000","%a.s.","22.080","deg","20.000","°C","976.000","hPa","0.861","-0.02617","0.00035","0","0","13.56","Humid","69.95","1","60.00","283993.95","SABD0001000008","AAV1.0.0.11","2.1.0.443","PSt7-10","171011-002","6/6/2018 8:55:32 AM","1443-01","0","no battery","V"
"07/10/2018","12:01:08","2","default","726512009","O2","11.555","min","210.327","μmol/L","Humid","20.347","deg","152801","µV","26.062","°C","1013.000","hPa","40.0","pmil","0","55.500","deg","20.000","°C","100.000","%a.s.","22.080","deg","20.000","°C","976.000","hPa","0.861","-0.02617","0.00035","0","0","13.56","Humid","69.95","1","60.00","283996.85","SABD0001000008","AAV1.0.0.11","2.1.0.443","PSt7-10","171011-002","6/6/2018 8:55:32 AM","1443-01","0","no battery","V"
"07/10/2018","12:01:09","2","default","726512009","O2","11.572","min","210.317","μmol/L","Humid","20.347","deg","152805","µV","26.064","°C","1013.000","hPa","40.0","pmil","0","55.500","deg","20.000","°C","100.000","%a.s.","22.080","deg","20.000","°C","976.000","hPa","0.861","-0.02617","0.00035","0","0","13.56","Humid","69.95","1","60.00","283997.20","SABD0001000008","AAV1.0.0.11","2.1.0.443","PSt7-10","171011-002","6/6/2018 8:55:32 AM","1443-01","0","no battery","V"
"07/10/2018","12:01:10","2","default","726512009","O2","11.588","min","210.295","μmol/L","Humid","20.348","deg","152812","µV","26.064","°C","1013.000","hPa","40.0","pmil","0","55.500","deg","20.000","°C","100.000","%a.s.","22.080","deg","20.000","°C","976.000","hPa","0.861","-0.02617","0.00035","0","0","13.56","Humid","69.95","1","60.00","283988.70","SABD0001000008","AAV1.0.0.11","2.1.0.443","PSt7-10","171011-002","6/6/2018 8:55:32 AM","1443-01","0","no battery","V"
"07/10/2018","12:01:11","2","default","726512009","O2","11.606","min","210.252","μmol/L","Humid","20.353","deg","152817","µV","26.056","°C","1013.000","hPa","40.0","pmil","0","55.500","deg","20.000","°C","100.000","%a.s.","22.080","deg","20.000","°C","976.000","hPa","0.861","-0.02617","0.00035","0","0","13.56","Humid","69.95","1","60.00","283988.34","SABD0001000008","AAV1.0.0.11","2.1.0.443","PSt7-10","171011-002","6/6/2018 8:55:32 AM","1443-01","0","no battery","V"
"07/10/2018","12:01:12","2","default","726512009","O2","11.622","min","210.205","μmol/L","Humid","20.352","deg","152818","µV","26.066","°C","1013.000","hPa","40.0","pmil","0","55.500","deg","20.000","°C","100.000","%a.s.","22.080","deg","20.000","°C","976.000","hPa","0.861","-0.02617","0.00035","0","0","13.56","Humid","69.95","1","60.00","283983.39","SABD0001000008","AAV1.0.0.11","2.1.0.443","PSt7-10","171011-002","6/6/2018 8:55:32 AM","1443-01","0","no battery","V"
"07/10/2018","12:01:13","2","default","726512009","O2","11.638","min","210.357","μmol/L","Humid","20.352","deg","152841","µV","26.042","°C","1013.000","hPa","40.0","pmil","0","55.500","deg","20.000","°C","100.000","%a.s.","22.080","deg","20.000","°C","976.000","hPa","0.861","-0.02617","0.00035","0","0","13.56","Humid","69.95","1","60.00","283993.93","SABD0001000008","AAV1.0.0.11","2.1.0.443","PSt7-10","171011-002","6/6/2018 8:55:32 AM","1443-01","0","no battery","V"
"07/10/2018","12:01:14","2","default","726512009","O2","11.655","min","210.187","μmol/L","Humid","20.353","deg","152836","µV","26.066","°C","1013.000","hPa","40.0","pmil","0","55.500","deg","20.000","°C","100.000","%a.s.","22.080","deg","20.000","°C","976.000","hPa","0.861","-0.02617","0.00035","0","0","13.56","Humid","69.95","1","60.00","283982.54","SABD0001000008","AAV1.0.0.11","2.1.0.443","PSt7-10","171011-002","6/6/2018 8:55:32 AM","1443-01","0","no battery","V"
"07/10/2018","12:01:15","2","default","726512009","O2","11.672","min","210.127","μmol/L","Humid","20.353","deg","152855","µV","26.076","°C","1013.000","hPa","40.0","pmil","0","55.500","deg","20.000","°C","100.000","%a.s.","22.080","deg","20.000","°C","976.000","hPa","0.861","-0.02617","0.00035","0","0","13.56","Humid","69.95","1","60.00","283976.21","SABD0001000008","AAV1.0.0.11","2.1.0.443","PSt7-10","171011-002","6/6/2018 8:55:32 AM","1443-01","0","no battery","V"
"07/10/2018","12:01:16","2","default","726512009","O2","11.689","min","210.121","μmol/L","Humid","20.354","deg","152853","µV","26.074","°C","1013.000","hPa","40.0","pmil","0","55.500","deg","20.000","°C","100.000","%a.s.","22.080","deg","20.000","°C","976.000","hPa","0.861","-0.02617","0.00035","0","0","13.56","Humid","69.95","1","60.00","283985.41","SABD0001000008","AAV1.0.0.11","2.1.0.443","PSt7-10","171011-002","6/6/2018 8:55:32 AM","1443-01","0","no battery","V"
"07/10/2018","12:01:17","2","default","726512009","O2","11.705","min","209.966","μmol/L","Humid","20.358","deg","152859","µV","26.087","°C","1013.000","hPa","40.0","pmil","0","55.500","deg","20.000","°C","100.000","%a.s.","22.080","deg","20.000","°C","976.000","hPa","0.861","-0.02617","0.00035","0","0","13.56","Humid","69.95","1","60.00","283977.28","SABD0001000008","AAV1.0.0.11","2.1.0.443","PSt7-10","171011-002","6/6/2018 8:55:32 AM","1443-01","0","no battery","V"
"07/10/2018","12:01:18","2","default","726512009","O2","11.722","min","210.065","μmol/L","Humid","20.357","deg","152875","µV","26.074","°C","1013.000","hPa","40.0","pmil","0","55.500","deg","20.000","°C","100.000","%a.s.","22.080","deg","20.000","°C","976.000","hPa","0.861","-0.02617","0.00035","0","0","13.56","Humid","69.95","1","60.00","283980.83","SABD0001000008","AAV1.0.0.11","2.1.0.443","PSt7-10","171011-002","6/6/2018 8:55:32 AM","1443-01","0","no battery","V"
"07/10/2018","12:01:19","2","default","726512009","O2","11.739","min","210.074","μmol/L","Humid","20.359","deg","152883","µV","26.066","°C","1013.000","hPa","40.0","pmil","0","55.500","deg","20.000","°C","100.000","%a.s.","22.080","deg","20.000","°C","976.000","hPa","0.861","-0.02617","0.00035","0","0","13.56","Humid","69.95","1","60.00","283989.02","SABD0001000008","AAV1.0.0.11","2.1.0.443","PSt7-10","171011-002","6/6/2018 8:55:32 AM","1443-01","0","no battery","V"
"07/10/2018","12:01:20","2","default","726512009","O2","11.755","min","210.023","μmol/L","Humid","20.359","deg","152888","µV","26.074","°C","1013.000","hPa","40.0","pmil","0","55.500","deg","20.000","°C","100.000","%a.s.","22.080","deg","20.000","°C","976.000","hPa","0.861","-0.02617","0.00035","0","0","13.56","Humid","69.95","1","60.00","283989.11","SABD0001000008","AAV1.0.0.11","2.1.0.443","PSt7-10","171011-002","6/6/2018 8:55:32 AM","1443-01","0","no battery","V"
"07/10/2018","12:01:21","2","default","726512009","O2","11.772","min","210.011","μmol/L","Humid","20.357","deg","152899","µV","26.083","°C","1013.000","hPa","40.0","pmil","0","55.500","deg","20.000","°C","100.000","%a.s.","22.080","deg","20.000","°C","976.000","hPa","0.861","-0.02617","0.00035","0","0","13.56","Humid","69.95","1","60.00","283997.53","SABD0001000008","AAV1.0.0.11","2.1.0.443","PSt7-10","171011-002","6/6/2018 8:55:32 AM","1443-01","0","no battery","V"
"07/10/2018","12:01:22","2","default","726512009","O2","11.789","min","210.014","μmol/L","Humid","20.359","deg","152896","µV","26.076","°C","1013.000","hPa","40.0","pmil","0","55.500","deg","20.000","°C","100.000","%a.s.","22.080","deg","20.000","°C","976.000","hPa","0.861","-0.02617","0.00035","0","0","13.56","Humid","69.95","1","60.00","283984.22","SABD0001000008","AAV1.0.0.11","2.1.0.443","PSt7-10","171011-002","6/6/2018 8:55:32 AM","1443-01","0","no battery","V"
"07/10/2018","12:01:23","2","default","726512009","O2","11.805","min","209.965","μmol/L","Humid","20.360","deg","152907","µV","26.081","°C","1013.000","hPa","40.0","pmil","0","55.500","deg","20.000","°C","100.000","%a.s.","22.080","deg","20.000","°C","976.000","hPa","0.861","-0.02617","0.00035","0","0","13.56","Humid","69.95","1","60.00","283987.10","SABD0001000008","AAV1.0.0.11","2.1.0.443","PSt7-10","171011-002","6/6/2018 8:55:32 AM","1443-01","0","no battery","V"
"07/10/2018","12:01:24","2","default","726512009","O2","11.822","min","210.118","μmol/L","Humid","20.361","deg","152916","µV","26.053","°C","1013.000","hPa","40.0","pmil","0","55.500","deg","20.000","°C","100.000","%a.s.","22.080","deg","20.000","°C","976.000","hPa","0.861","-0.02617","0.00035","0","0","13.56","Humid","69.95","1","60.00","283988.02","SABD0001000008","AAV1.0.0.11","2.1.0.443","PSt7-10","171011-002","6/6/2018 8:55:32 AM","1443-01","0","no battery","V"
"07/10/2018","12:01:25","2","default","726512009","O2","11.839","min","210.047","μmol/L","Humid","20.360","deg","152930","µV","26.068","°C","1013.000","hPa","40.0","pmil","0","55.500","deg","20.000","°C","100.000","%a.s.","22.080","deg","20.000","°C","976.000","hPa","0.861","-0.02617","0.00035","0","0","13.56","Humid","69.95","1","60.00","283998.96","SABD0001000008","AAV1.0.0.11","2.1.0.443","PSt7-10","171011-002","6/6/2018 8:55:32 AM","1443-01","0","no battery","V"
"07/10/2018","12:01:26","2","default","726512009","O2","11.855","min","209.966","μmol/L","Humid","20.365","deg","152934","µV","26.065","°C","1013.000","hPa","40.0","pmil","0","55.500","deg","20.000","°C","100.000","%a.s.","22.080","deg","20.000","°C","976.000","hPa","0.861","-0.02617","0.00035","0","0","13.56","Humid","69.95","1","60.00","283982.90","SABD0001000008","AAV1.0.0.11","2.1.0.443","PSt7-10","171011-002","6/6/2018 8:55:32 AM","1443-01","0","no battery","V"
"07/10/2018","12:01:27","2","default","726512009","O2","11.872","min","210.021","μmol/L","Humid","20.362","deg","152947","µV","26.066","°C","1013.000","hPa","40.0","pmil","0","55.500","deg","20.000","°C","100.000","%a.s.","22.080","deg","20.000","°C","976.000","hPa","0.861","-0.02617","0.00035","0","0","13.56","Humid","69.95","1","60.00","284002.44","SABD0001000008","AAV1.0.0.11","2.1.0.443","PSt7-10","171011-002","6/6/2018 8:55:32 AM","1443-01","0","no battery","V"
"07/10/2018","12:01:28","2","default","726512009","O2","11.889","min","209.932","μmol/L","Humid","20.367","deg","152956","µV","26.065","°C","1013.000","hPa","40.0","pmil","0","55.500","deg","20.000","°C","100.000","%a.s.","22.080","deg","20.000","°C","976.000","hPa","0.861","-0.02617","0.00035","0","0","13.56","Humid","69.95","1","60.00","283992.57","SABD0001000008","AAV1.0.0.11","2.1.0.443","PSt7-10","171011-002","6/6/2018 8:55:32 AM","1443-01","0","no battery","V"
"07/10/2018","12:01:29","2","default","726512009","O2","11.905","min","209.861","μmol/L","Humid","20.368","deg","152968","µV","26.073","°C","1013.000","hPa","40.0","pmil","0","55.500","deg","20.000","°C","100.000","%a.s.","22.080","deg","20.000","°C","976.000","hPa","0.861","-0.02617","0.00035","0","0","13.56","Humid","69.95","1","60.00","283982.77","SABD0001000008","AAV1.0.0.11","2.1.0.443","PSt7-10","171011-002","6/6/2018 8:55:32 AM","1443-01","0","no battery","V"
"07/10/2018","12:01:30","2","default","726512009","O2","11.922","min","209.867","μmol/L","Humid","20.369","deg","152970","µV","26.069","°C","1013.000","hPa","40.0","pmil","0","55.500","deg","20.000","°C","100.000","%a.s.","22.080","deg","20.000","°C","976.000","hPa","0.861","-0.02617","0.00035","0","0","13.56","Humid","69.95","1","60.00","283985.67","SABD0001000008","AAV1.0.0.11","2.1.0.443","PSt7-10","171011-002","6/6/2018 8:55:32 AM","1443-01","0","no battery","V"
"07/10/2018","12:01:31","2","default","726512009","O2","11.938","min","209.925","μmol/L","Humid","20.369","deg","152979","µV","26.060","°C","1013.000","hPa","40.0","pmil","0","55.500","deg","20.000","°C","100.000","%a.s.","22.080","deg","20.000","°C","976.000","hPa","0.861","-0.02617","0.00035","0","0","13.56","Humid","69.95","1","60.00","283996.78","SABD0001000008","AAV1.0.0.11","2.1.0.443","PSt7-10","171011-002","6/6/2018 8:55:32 AM","1443-01","0","no battery","V"
"07/10/2018","12:01:32","2","default","726512009","O2","11.956","min","209.866","μmol/L","Humid","20.371","deg","153001","µV","26.063","°C","1013.000","hPa","40.0","pmil","0","55.500","deg","20.000","°C","100.000","%a.s.","22.080","deg","20.000","°C","976.000","hPa","0.861","-0.02617","0.00035","0","0","13.56","Humid","69.95","1","60.00","283988.81","SABD0001000008","AAV1.0.0.11","2.1.0.443","PSt7-10","171011-002","6/6/2018 8:55:32 AM","1443-01","0","no battery","V"
"07/10/2018","12:01:33","2","default","726512009","O2","11.972","min","209.859","μmol/L","Humid","20.372","deg","153000","µV","26.061","°C","1013.000","hPa","40.0","pmil","0","55.500","deg","20.000","°C","100.000","%a.s.","22.080","deg","20.000","°C","976.000","hPa","0.861","-0.02617","0.00035","0","0","13.56","Humid","69.95","1","60.00","283995.58","SABD0001000008","AAV1.0.0.11","2.1.0.443","PSt7-10","171011-002","6/6/2018 8:55:32 AM","1443-01","0","no battery","V"
"07/10/2018","12:01:34","2","default","726512009","O2","11.988","min","209.682","μmol/L","Humid","20.376","deg","153006","µV","26.078","°C","1013.000","hPa","40.0","pmil","0","55.500","deg","20.000","°C","100.000","%a.s.","22.080","deg","20.000","°C","976.000","hPa","0.861","-0.02617","0.00035","0","0","13.56","Humid","69.95","1","60.00","283981.24","SABD0001000008","AAV1.0.0.11","2.1.0.443","PSt7-10","171011-002","6/6/2018 8:55:32 AM","1443-01","0","no battery","V"
"07/10/2018","12:01:35","2","default","726512009","O2","12.005","min","209.564","μmol/L","Humid","20.376","deg","153019","µV","26.097","°C","1013.000","hPa","40.0","pmil","0","55.500","deg","20.000","°C","100.000","%a.s.","22.080","deg","20.000","°C","976.000","hPa","0.861","-0.02617","0.00035","0","0","13.56","Humid","69.95","1","60.00","283987.06","SABD0001000008","AAV1.0.0.11","2.1.0.443","PSt7-10","171011-002","6/6/2018 8:55:32 AM","1443-01","0","no battery","V"
"07/10/2018","12:01:36","2","default","726512009","O2","12.022","min","209.666","μmol/L","Humid","20.376","deg","153015","µV","26.080","°C","1013.000","hPa","40.0","pmil","0","55.500","deg","20.000","°C","100.000","%a.s.","22.080","deg","20.000","°C","976.000","hPa","0.861","-0.02617","0.00035","0","0","13.56","Humid","69.95","1","60.00","283977.00","SABD0001000008","AAV1.0.0.11","2.1.0.443","PSt7-10","171011-002","6/6/2018 8:55:32 AM","1443-01","0","no battery","V"
"07/10/2018","12:01:37","2","default","726512009","O2","12.038","min","209.646","μmol/L","Humid","20.377","deg","153034","µV","26.080","°C","1013.000","hPa","40.0","pmil","0","55.500","deg","20.000","°C","100.000","%a.s.","22.080","deg","20.000","°C","976.000","hPa","0.861","-0.02617","0.00035","0","0","13.56","Humid","69.95","1","60.00","283972.67","SABD0001000008","AAV1.0.0.11","2.1.0.443","PSt7-10","171011-002","6/6/2018 8:55:32 AM","1443-01","0","no battery","V"
"07/10/2018","12:01:38","2","default","726512009","O2","12.055","min","209.578","μmol/L","Humid","20.379","deg","153038","µV","26.085","°C","1013.000","hPa","40.0","pmil","0","55.500","deg","20.000","°C","100.000","%a.s.","22.080","deg","20.000","°C","976.000","hPa","0.861","-0.02617","0.00035","0","0","13.56","Humid","69.95","1","60.00","283974.19","SABD0001000008","AAV1.0.0.11","2.1.0.443","PSt7-10","171011-002","6/6/2018 8:55:32 AM","1443-01","0","no battery","V"
"07/10/2018","12:01:39","2","default","726512009","O2","12.072","min","209.598","μmol/L","Humid","20.378","deg","153052","µV","26.085","°C","1013.000","hPa","40.0","pmil","0","55.500","deg","20.000","°C","100.000","%a.s.","22.080","deg","20.000","°C","976.000","hPa","0.861","-0.02617","0.00035","0","0","13.56","Humid","69.95","1","60.00","283982.73","SABD0001000008","AAV1.0.0.11","2.1.0.443","PSt7-10","171011-002","6/6/2018 8:55:32 AM","1443-01","0","no battery","V"
"07/10/2018","12:01:40","2","default","726512009","O2","12.089","min","209.690","μmol/L","Humid","20.378","deg","153054","µV","26.070","°C","1013.000","hPa","40.0","pmil","0","55.500","deg","20.000","°C","100.000","%a.s.","22.080","deg","20.000","°C","976.000","hPa","0.861","-0.02617","0.00035","0","0","13.56","Humid","69.95","1","60.00","283971.45","SABD0001000008","AAV1.0.0.11","2.1.0.443","PSt7-10","171011-002","6/6/2018 8:55:32 AM","1443-01","0","no battery","V"
"07/10/2018","12:01:41","2","default","726512009","O2","12.105","min","209.616","μmol/L","Humid","20.378","deg","153060","µV","26.082","°C","1013.000","hPa","40.0","pmil","0","55.500","deg","20.000","°C","100.000","%a.s.","22.080","deg","20.000","°C","976.000","hPa","0.861","-0.02617","0.00035","0","0","13.56","Humid","69.95","1","60.00","283973.68","SABD0001000008","AAV1.0.0.11","2.1.0.443","PSt7-10","171011-002","6/6/2018 8:55:32 AM","1443-01","0","no battery","V"
"07/10/2018","12:01:42","2","default","726512009","O2","12.122","min","209.607","μmol/L","Humid","20.383","deg","153066","µV","26.068","°C","1013.000","hPa","40.0","pmil","0","55.500","deg","20.000","°C","100.000","%a.s.","22.080","deg","20.000","°C","976.000","hPa","0.861","-0.02617","0.00035","0","0","13.56","Humid","69.95","1","60.00","283977.27","SABD0001000008","AAV1.0.0.11","2.1.0.443","PSt7-10","171011-002","6/6/2018 8:55:32 AM","1443-01","0","no battery","V"
"07/10/2018","12:01:43","2","default","726512009","O2","12.139","min","209.548","μmol/L","Humid","20.379","deg","153083","µV","26.090","°C","1013.000","hPa","40.0","pmil","0","55.500","deg","20.000","°C","100.000","%a.s.","22.080","deg","20.000","°C","976.000","hPa","0.861","-0.02617","0.00035","0","0","13.56","Humid","69.95","1","60.00","283984.84","SABD0001000008","AAV1.0.0.11","2.1.0.443","PSt7-10","171011-002","6/6/2018 8:55:32 AM","1443-01","0","no battery","V"
"07/10/2018","12:01:44","2","default","726512009","O2","12.155","min","209.440","μmol/L","Humid","20.384","deg","153077","µV","26.092","°C","1013.000","hPa","40.0","pmil","0","55.500","deg","20.000","°C","100.000","%a.s.","22.080","deg","20.000","°C","976.000","hPa","0.861","-0.02617","0.00035","0","0","13.56","Humid","69.95","1","60.00","283973.27","SABD0001000008","AAV1.0.0.11","2.1.0.443","PSt7-10","171011-002","6/6/2018 8:55:32 AM","1443-01","0","no battery","V"
"07/10/2018","12:01:45","2","default","726512009","O2","12.172","min","209.677","μmol/L","Humid","20.381","deg","153094","µV","26.063","°C","1013.000","hPa","40.0","pmil","0","55.500","deg","20.000","°C","100.000","%a.s.","22.080","deg","20.000","°C","976.000","hPa","0.861","-0.02617","0.00035","0","0","13.56","Humid","69.95","1","60.00","283967.64","SABD0001000008","AAV1.0.0.11","2.1.0.443","PSt7-10","171011-002","6/6/2018 8:55:32 AM","1443-01","0","no battery","V"
"07/10/2018","12:01:46","2","default","726512009","O2","12.188","min","209.666","μmol/L","Humid","20.381","deg","153097","µV","26.065","°C","1013.000","hPa","40.0","pmil","0","55.500","deg","20.000","°C","100.000","%a.s.","22.080","deg","20.000","°C","976.000","hPa","0.861","-0.02617","0.00035","0","0","13.56","Humid","69.95","1","60.00","283978.58","SABD0001000008","AAV1.0.0.11","2.1.0.443","PSt7-10","171011-002","6/6/2018 8:55:32 AM","1443-01","0","no battery","V"
"07/10/2018","12:01:47","2","default","726512009","O2","12.205","min","209.595","μmol/L","Humid","20.385","deg","153103","µV","26.064","°C","1013.000","hPa","40.0","pmil","0","55.500","deg","20.000","°C","100.000","%a.s.","22.080","deg","20.000","°C","976.000","hPa","0.861","-0.02617","0.00035","0","0","13.56","Humid","69.95","1","60.00","283977.40","SABD0001000008","AAV1.0.0.11","2.1.0.443","PSt7-10","171011-002","6/6/2018 8:55:32 AM","1443-01","0","no battery","V"
"07/10/2018","12:01:48","2","default","726512009","O2","12.222","min","209.518","μmol/L","Humid","20.383","deg","153114","µV","26.083","°C","1013.000","hPa","40.0","pmil","0","55.500","deg","20.000","°C","100.000","%a.s.","22.080","deg","20.000","°C","976.000","hPa","0.861","-0.02617","0.00035","0","0","13.56","Humid","69.95","1","60.00","283973.62","SABD0001000008","AAV1.0.0.11","2.1.0.443","PSt7-10","171011-002","6/6/2018 8:55:32 AM","1443-01","0","no battery","V"
"07/10/2018","12:01:49","2","default","726512009","O2","12.238","min","209.528","μmol/L","Humid","20.386","deg","153112","µV","26.072","°C","1013.000","hPa","40.0","pmil","0","55.500","deg","20.000","°C","100.000","%a.s.","22.080","deg","20.000","°C","976.000","hPa","0.861","-0.02617","0.00035","0","0","13.56","Humid","69.95","1","60.00","283975.41","SABD0001000008","AAV1.0.0.11","2.1.0.443","PSt7-10","171011-002","6/6/2018 8:55:32 AM","1443-01","0","no battery","V"
"07/10/2018","12:01:50","2","default","726512009","O2","12.255","min","209.475","μmol/L","Humid","20.387","deg","153127","µV","26.077","°C","1013.000","hPa","40.0","pmil","0","55.500","deg","20.000","°C","100.000","%a.s.","22.080","deg","20.000","°C","976.000","hPa","0.861","-0.02617","0.00035","0","0","13.56","Humid","69.95","1","60.00","283979.88","SABD0001000008","AAV1.0.0.11","2.1.0.443","PSt7-10","171011-002","6/6/2018 8:55:32 AM","1443-01","0","no battery","V"
"07/10/2018","12:01:51","2","default","726512009","O2","12.272","min","209.440","μmol/L","Humid","20.389","deg","153128","µV","26.077","°C","1013.000","hPa","40.0","pmil","0","55.500","deg","20.000","°C","100.000","%a.s.","22.080","deg","20.000","°C","976.000","hPa","0.861","-0.02617","0.00035","0","0","13.56","Humid","69.95","1","60.00","283985.16","SABD0001000008","AAV1.0.0.11","2.1.0.443","PSt7-10","171011-002","6/6/2018 8:55:32 AM","1443-01","0","no battery","V"
"07/10/2018","12:01:52","2","default","726512009","O2","12.289","min","209.481","μmol/L","Humid","20.389","deg","153139","µV","26.070","°C","1013.000","hPa","40.0","pmil","0","55.500","deg","20.000","°C","100.000","%a.s.","22.080","deg","20.000","°C","976.000","hPa","0.861","-0.02617","0.00035","0","0","13.56","Humid","69.95","1","60.00","283983.31","SABD0001000008","AAV1.0.0.11","2.1.0.443","PSt7-10","171011-002","6/6/2018 8:55:32 AM","1443-01","0","no battery","V"
"07/10/2018","12:01:53","2","default","726512009","O2","12.305","min","209.436","μmol/L","Humid","20.386","deg","153153","µV","26.087","°C","1013.000","hPa","40.0","pmil","0","55.500","deg","20.000","°C","100.000","%a.s.","22.080","deg","20.000","°C","976.000","hPa","0.861","-0.02617","0.00035","0","0","13.56","Humid","69.95","1","60.00","283991.44","SABD0001000008","AAV1.0.0.11","2.1.0.443","PSt7-10","171011-002","6/6/2018 8:55:32 AM","1443-01","0","no battery","V"
"07/10/2018","12:01:54","2","default","726512009","O2","12.322","min","209.310","μmol/L","Humid","20.388","deg","153148","µV","26.101","°C","1013.000","hPa","40.0","pmil","0","55.500","deg","20.000","°C","100.000","%a.s.","22.080","deg","20.000","°C","976.000","hPa","0.861","-0.02617","0.00035","0","0","13.56","Humid","69.95","1","60.00","283987.16","SABD0001000008","AAV1.0.0.11","2.1.0.443","PSt7-10","171011-002","6/6/2018 8:55:32 AM","1443-01","0","no battery","V"
"07/10/2018","12:01:55","2","default","726512009","O2","12.339","min","209.251","μmol/L","Humid","20.391","deg","153154","µV","26.101","°C","1013.000","hPa","40.0","pmil","0","55.500","deg","20.000","°C","100.000","%a.s.","22.080","deg","20.000","°C","976.000","hPa","0.861","-0.02617","0.00035","0","0","13.56","Humid","69.95","1","60.00","283979.87","SABD0001000008","AAV1.0.0.11","2.1.0.443","PSt7-10","171011-002","6/6/2018 8:55:32 AM","1443-01","0","no battery","V"
"07/10/2018","12:01:56","2","default","726512009","O2","12.355","min","209.409","μmol/L","Humid","20.391","deg","153159","µV","26.076","°C","1013.000","hPa","40.0","pmil","0","55.500","deg","20.000","°C","100.000","%a.s.","22.080","deg","20.000","°C","976.000","hPa","0.861","-0.02617","0.00035","0","0","13.56","Humid","69.95","1","60.00","283972.50","SABD0001000008","AAV1.0.0.11","2.1.0.443","PSt7-10","171011-002","6/6/2018 8:55:32 AM","1443-01","0","no battery","V"
"07/10/2018","12:01:57","2","default","726512009","O2","12.372","min","209.354","μmol/L","Humid","20.394","deg","153164","µV","26.076","°C","1013.000","hPa","40.0","pmil","0","55.500","deg","20.000","°C","100.000","%a.s.","22.080","deg","20.000","°C","976.000","hPa","0.861","-0.02617","0.00035","0","0","13.56","Humid","69.95","1","60.00","283980.70","SABD0001000008","AAV1.0.0.11","2.1.0.443","PSt7-10","171011-002","6/6/2018 8:55:32 AM","1443-01","0","no battery","V"
"07/10/2018","12:01:58","2","default","726512009","O2","12.389","min","209.291","μmol/L","Humid","20.394","deg","153173","µV","26.086","°C","1013.000","hPa","40.0","pmil","0","55.500","deg","20.000","°C","100.000","%a.s.","22.080","deg","20.000","°C","976.000","hPa","0.861","-0.02617","0.00035","0","0","13.56","Humid","69.95","1","60.00","283972.86","SABD0001000008","AAV1.0.0.11","2.1.0.443","PSt7-10","171011-002","6/6/2018 8:55:32 AM","1443-01","0","no battery","V"
"07/10/2018","12:01:59","2","default","726512009","O2","12.405","min","209.202","μmol/L","Humid","20.394","deg","153162","µV","26.100","°C","1013.000","hPa","40.0","pmil","0","55.500","deg","20.000","°C","100.000","%a.s.","22.080","deg","20.000","°C","976.000","hPa","0.861","-0.02617","0.00035","0","0","13.56","Humid","69.95","1","60.00","283961.82","SABD0001000008","AAV1.0.0.11","2.1.0.443","PSt7-10","171011-002","6/6/2018 8:55:32 AM","1443-01","0","no battery","V"
"07/10/2018","12:02:00","2","default","726512009","O2","12.422","min","209.150","μmol/L","Humid","20.398","deg","153182","µV","26.097","°C","1013.000","hPa","40.0","pmil","0","55.500","deg","20.000","°C","100.000","%a.s.","22.080","deg","20.000","°C","976.000","hPa","0.861","-0.02617","0.00035","0","0","13.56","Humid","69.95","1","60.00","283981.64","SABD0001000008","AAV1.0.0.11","2.1.0.443","PSt7-10","171011-002","6/6/2018 8:55:32 AM","1443-01","0","no battery","V"
"07/10/2018","12:02:01","2","default","726512009","O2","12.438","min","209.245","μmol/L","Humid","20.398","deg","153191","µV","26.081","°C","1013.000","hPa","40.0","pmil","0","55.500","deg","20.000","°C","100.000","%a.s.","22.080","deg","20.000","°C","976.000","hPa","0.861","-0.02617","0.00035","0","0","13.56","Humid","69.95","1","60.00","283984.46","SABD0001000008","AAV1.0.0.11","2.1.0.443","PSt7-10","171011-002","6/6/2018 8:55:32 AM","1443-01","0","no battery","V"
"07/10/2018","12:02:02","2","default","726512009","O2","12.456","min","209.219","μmol/L","Humid","20.397","deg","153193","µV","26.088","°C","1013.000","hPa","40.0","pmil","0","55.500","deg","20.000","°C","100.000","%a.s.","22.080","deg","20.000","°C","976.000","hPa","0.861","-0.02617","0.00035","0","0","13.56","Humid","69.95","1","60.00","283969.44","SABD0001000008","AAV1.0.0.11","2.1.0.443","PSt7-10","171011-002","6/6/2018 8:55:32 AM","1443-01","0","no battery","V"
"07/10/2018","12:02:03","2","default","726512009","O2","12.472","min","209.230","μmol/L","Humid","20.397","deg","153203","µV","26.087","°C","1013.000","hPa","40.0","pmil","0","55.500","deg","20.000","°C","100.000","%a.s.","22.080","deg","20.000","°C","976.000","hPa","0.861","-0.02617","0.00035","0","0","13.56","Humid","69.95","1","60.00","283972.15","SABD0001000008","AAV1.0.0.11","2.1.0.443","PSt7-10","171011-002","6/6/2018 8:55:32 AM","1443-01","0","no battery","V"
"07/10/2018","12:02:04","2","default","726512009","O2","12.488","min","209.283","μmol/L","Humid","20.395","deg","153203","µV","26.084","°C","1013.000","hPa","40.0","pmil","0","55.500","deg","20.000","°C","100.000","%a.s.","22.080","deg","20.000","°C","976.000","hPa","0.861","-0.02617","0.00035","0","0","13.56","Humid","69.95","1","60.00","283977.86","SABD0001000008","AAV1.0.0.11","2.1.0.443","PSt7-10","171011-002","6/6/2018 8:55:32 AM","1443-01","0","no battery","V"
"07/10/2018","12:02:05","2","default","726512009","O2","12.505","min","209.309","μmol/L","Humid","20.395","deg","153209","µV","26.080","°C","1013.000","hPa","40.0","pmil","0","55.500","deg","20.000","°C","100.000","%a.s.","22.080","deg","20.000","°C","976.000","hPa","0.861","-0.02617","0.00035","0","0","13.56","Humid","69.95","1","60.00","283971.35","SABD0001000008","AAV1.0.0.11","2.1.0.443","PSt7-10","171011-002","6/6/2018 8:55:32 AM","1443-01","0","no battery","V"
"07/10/2018","12:02:06","2","default","726512009","O2","12.522","min","209.194","μmol/L","Humid","20.398","deg","153205","µV","26.089","°C","1013.000","hPa","40.0","pmil","0","55.500","deg","20.000","°C","100.000","%a.s.","22.080","deg","20.000","°C","976.000","hPa","0.861","-0.02617","0.00035","0","0","13.56","Humid","69.95","1","60.00","283969.59","SABD0001000008","AAV1.0.0.11","2.1.0.443","PSt7-10","171011-002","6/6/2018 8:55:32 AM","1443-01","0","no battery","V"
"07/10/2018","12:02:07","2","default","726512009","O2","12.538","min","209.273","μmol/L","Humid","20.397","deg","153207","µV","26.080","°C","1013.000","hPa","40.0","pmil","0","55.500","deg","20.000","°C","100.000","%a.s.","22.080","deg","20.000","°C","976.000","hPa","0.861","-0.02617","0.00035","0","0","13.56","Humid","69.95","1","60.00","283956.07","SABD0001000008","AAV1.0.0.11","2.1.0.443","PSt7-10","171011-002","6/6/2018 8:55:32 AM","1443-01","0","no battery","V"
"07/10/2018","12:02:08","2","default","726512009","O2","12.555","min","209.106","μmol/L","Humid","20.403","deg","153221","µV","26.088","°C","1013.000","hPa","40.0","pmil","0","55.500","deg","20.000","°C","100.000","%a.s.","22.080","deg","20.000","°C","976.000","hPa","0.861","-0.02617","0.00035","0","0","13.56","Humid","69.95","1","60.00","283986.75","SABD0001000008","AAV1.0.0.11","2.1.0.443","PSt7-10","171011-002","6/6/2018 8:55:32 AM","1443-01","0","no battery","V"
"07/10/2018","12:02:09","2","default","726512009","O2","12.572","min","209.171","μmol/L","Humid","20.400","deg","153240","µV","26.087","°C","1013.000","hPa","40.0","pmil","0","55.500","deg","20.000","°C","100.000","%a.s.","22.080","deg","20.000","°C","976.000","hPa","0.861","-0.02617","0.00035","0","0","13.56","Humid","69.95","1","60.00","283979.16","SABD0001000008","AAV1.0.0.11","2.1.0.443","PSt7-10","171011-002","6/6/2018 8:55:32 AM","1443-01","0","no battery","V"
"07/10/2018","12:02:10","2","default","726512009","O2","12.589","min","209.270","μmol/L","Humid","20.399","deg","153229","µV","26.074","°C","1013.000","hPa","40.0","pmil","0","55.500","deg","20.000","°C","100.000","%a.s.","22.080","deg","20.000","°C","976.000","hPa","0.861","-0.02617","0.00035","0","0","13.56","Humid","69.95","1","60.00","283959.99","SABD0001000008","AAV1.0.0.11","2.1.0.443","PSt7-10","171011-002","6/6/2018 8:55:32 AM","1443-01","0","no battery","V"
"07/10/2018","12:02:11","2","default","726512009","O2","12.605","min","209.125","μmol/L","Humid","20.406","deg","153238","µV","26.076","°C","1013.000","hPa","40.0","pmil","0","55.500","deg","20.000","°C","100.000","%a.s.","22.080","deg","20.000","°C","976.000","hPa","0.861","-0.02617","0.00035","0","0","13.56","Humid","69.95","1","60.00","283959.35","SABD0001000008","AAV1.0.0.11","2.1.0.443","PSt7-10","171011-002","6/6/2018 8:55:32 AM","1443-01","0","no battery","V"
"07/10/2018","12:02:12","2","default","726512009","O2","12.622","min","209.175","μmol/L","Humid","20.402","deg","153254","µV","26.080","°C","1013.000","hPa","40.0","pmil","0","55.500","deg","20.000","°C","100.000","%a.s.","22.080","deg","20.000","°C","976.000","hPa","0.861","-0.02617","0.00035","0","0","13.56","Humid","69.95","1","60.00","283984.90","SABD0001000008","AAV1.0.0.11","2.1.0.443","PSt7-10","171011-002","6/6/2018 8:55:32 AM","1443-01","0","no battery","V"
"07/10/2018","12:02:13","2","default","726512009","O2","12.638","min","209.062","μmol/L","Humid","20.404","deg","153253","µV","26.092","°C","1013.000","hPa","40.0","pmil","0","55.500","deg","20.000","°C","100.000","%a.s.","22.080","deg","20.000","°C","976.000","hPa","0.861","-0.02617","0.00035","0","0","13.56","Humid","69.95","1","60.00","283965.54","SABD0001000008","AAV1.0.0.11","2.1.0.443","PSt7-10","171011-002","6/6/2018 8:55:32 AM","1443-01","0","no battery","V"
"07/10/2018","12:02:14","2","default","726512009","O2","12.656","min","208.970","μmol/L","Humid","20.405","deg","153277","µV","26.104","°C","1013.000","hPa","40.0","pmil","0","55.500","deg","20.000","°C","100.000","%a.s.","22.080","deg","20.000","°C","976.000","hPa","0.861","-0.02617","0.00035","0","0","13.56","Humid","69.95","1","60.00","283983.80","SABD0001000008","AAV1.0.0.11","2.1.0.443","PSt7-10","171011-002","6/6/2018 8:55:32 AM","1443-01","0","no battery","V"
"07/10/2018","12:02:15","2","default","726512009","O2","12.672","min","209.070","μmol/L","Humid","20.403","deg","153276","µV","26.094","°C","1013.000","hPa","40.0","pmil","0","55.500","deg","20.000","°C","100.000","%a.s.","22.080","deg","20.000","°C","976.000","hPa","0.861","-0.02617","0.00035","0","0","13.56","Humid","69.95","1","60.00","283969.68","SABD0001000008","AAV1.0.0.11","2.1.0.443","PSt7-10","171011-002","6/6/2018 8:55:32 AM","1443-01","0","no battery","V"
"07/10/2018","12:02:16","2","default","726512009","O2","12.688","min","209.051","μmol/L","Humid","20.404","deg","153282","µV","26.094","°C","1013.000","hPa","40.0","pmil","0","55.500","deg","20.000","°C","100.000","%a.s.","22.080","deg","20.000","°C","976.000","hPa","0.861","-0.02617","0.00035","0","0","13.56","Humid","69.95","1","60.00","283962.91","SABD0001000008","AAV1.0.0.11","2.1.0.443","PSt7-10","171011-002","6/6/2018 8:55:32 AM","1443-01","0","no battery","V"
"07/10/2018","12:02:17","2","default","726512009","O2","12.706","min","209.007","μmol/L","Humid","20.408","deg","153288","µV","26.089","°C","1013.000","hPa","40.0","pmil","0","55.500","deg","20.000","°C","100.000","%a.s.","22.080","deg","20.000","°C","976.000","hPa","0.861","-0.02617","0.00035","0","0","13.56","Humid","69.95","1","60.00","283975.30","SABD0001000008","AAV1.0.0.11","2.1.0.443","PSt7-10","171011-002","6/6/2018 8:55:32 AM","1443-01","0","no battery","V"
"07/10/2018","12:02:18","2","default","726512009","O2","12.722","min","209.062","μmol/L","Humid","20.405","deg","153294","µV","26.089","°C","1013.000","hPa","40.0","pmil","0","55.500","deg","20.000","°C","100.000","%a.s.","22.080","deg","20.000","°C","976.000","hPa","0.861","-0.02617","0.00035","0","0","13.56","Humid","69.95","1","60.00","283965.26","SABD0001000008","AAV1.0.0.11","2.1.0.443","PSt7-10","171011-002","6/6/2018 8:55:32 AM","1443-01","0","no battery","V"
"07/10/2018","12:02:19","2","default","726512009","O2","12.739","min","208.835","μmol/L","Humid","20.411","deg","153302","µV","26.108","°C","1013.000","hPa","40.0","pmil","0","55.500","deg","20.000","°C","100.000","%a.s.","22.080","deg","20.000","°C","976.000","hPa","0.861","-0.02617","0.00035","0","0","13.56","Humid","69.95","1","60.00","283961.26","SABD0001000008","AAV1.0.0.11","2.1.0.443","PSt7-10","171011-002","6/6/2018 8:55:32 AM","1443-01","0","no battery","V"
"07/10/2018","12:02:20","2","default","726512009","O2","12.755","min","208.983","μmol/L","Humid","20.407","deg","153304","µV","26.096","°C","1013.000","hPa","40.0","pmil","0","55.500","deg","20.000","°C","100.000","%a.s.","22.080","deg","20.000","°C","976.000","hPa","0.861","-0.02617","0.00035","0","0","13.56","Humid","69.95","1","60.00","283963.66","SABD0001000008","AAV1.0.0.11","2.1.0.443","PSt7-10","171011-002","6/6/2018 8:55:32 AM","1443-01","0","no battery","V"
"07/10/2018","12:02:21","2","default","726512009","O2","12.772","min","208.983","μmol/L","Humid","20.410","deg","153316","µV","26.087","°C","1013.000","hPa","40.0","pmil","0","55.500","deg","20.000","°C","100.000","%a.s.","22.080","deg","20.000","°C","976.000","hPa","0.861","-0.02617","0.00035","0","0","13.56","Humid","69.95","1","60.00","283955.51","SABD0001000008","AAV1.0.0.11","2.1.0.443","PSt7-10","171011-002","6/6/2018 8:55:32 AM","1443-01","0","no battery","V"
"07/10/2018","12:02:22","2","default","726512009","O2","12.789","min","208.952","μmol/L","Humid","20.410","deg","153329","µV","26.092","°C","1013.000","hPa","40.0","pmil","0","55.500","deg","20.000","°C","100.000","%a.s.","22.080","deg","20.000","°C","976.000","hPa","0.861","-0.02617","0.00035","0","0","13.56","Humid","69.95","1","60.00","283971.38","SABD0001000008","AAV1.0.0.11","2.1.0.443","PSt7-10","171011-002","6/6/2018 8:55:32 AM","1443-01","0","no battery","V"
"07/10/2018","12:02:23","2","default","726512009","O2","12.805","min","208.877","μmol/L","Humid","20.415","deg","153331","µV","26.089","°C","1013.000","hPa","40.0","pmil","0","55.500","deg","20.000","°C","100.000","%a.s.","22.080","deg","20.000","°C","976.000","hPa","0.861","-0.02617","0.00035","0","0","13.56","Humid","69.95","1","60.00","283969.28","SABD0001000008","AAV1.0.0.11","2.1.0.443","PSt7-10","171011-002","6/6/2018 8:55:32 AM","1443-01","0","no battery","V"
"07/10/2018","12:02:24","2","default","726512009","O2","12.822","min","208.945","μmol/L","Humid","20.412","deg","153335","µV","26.087","°C","1013.000","hPa","40.0","pmil","0","55.500","deg","20.000","°C","100.000","%a.s.","22.080","deg","20.000","°C","976.000","hPa","0.861","-0.02617","0.00035","0","0","13.56","Humid","69.95","1","60.00","283969.18","SABD0001000008","AAV1.0.0.11","2.1.0.443","PSt7-10","171011-002","6/6/2018 8:55:32 AM","1443-01","0","no battery","V"
"07/10/2018","12:02:25","2","default","726512009","O2","12.838","min","208.877","μmol/L","Humid","20.417","deg","153330","µV","26.083","°C","1013.000","hPa","40.0","pmil","0","55.500","deg","20.000","°C","100.000","%a.s.","22.080","deg","20.000","°C","976.000","hPa","0.861","-0.02617","0.00035","0","0","13.56","Humid","69.95","1","60.00","283964.67","SABD0001000008","AAV1.0.0.11","2.1.0.443","PSt7-10","171011-002","6/6/2018 8:55:32 AM","1443-01","0","no battery","V"
"07/10/2018","12:02:26","2","default","726512009","O2","12.856","min","208.739","μmol/L","Humid","20.419","deg","153352","µV","26.099","°C","1013.000","hPa","40.0","pmil","0","55.500","deg","20.000","°C","100.000","%a.s.","22.080","deg","20.000","°C","976.000","hPa","0.861","-0.02617","0.00035","0","0","13.56","Humid","69.95","1","60.00","283962.03","SABD0001000008","AAV1.0.0.11","2.1.0.443","PSt7-10","171011-002","6/6/2018 8:55:32 AM","1443-01","0","no battery","V"
"07/10/2018","12:02:27","2","default","726512009","O2","12.872","min","208.810","μmol/L","Humid","20.416","deg","153362","µV","26.097","°C","1013.000","hPa","40.0","pmil","0","55.500","deg","20.000","°C","100.000","%a.s.","22.080","deg","20.000","°C","976.000","hPa","0.861","-0.02617","0.00035","0","0","13.56","Humid","69.95","1","60.00","283962.35","SABD0001000008","AAV1.0.0.11","2.1.0.443","PSt7-10","171011-002","6/6/2018 8:55:32 AM","1443-01","0","no battery","V"
"07/10/2018","12:02:28","2","default","726512009","O2","12.889","min","208.864","μmol/L","Humid","20.414","deg","153367","µV","26.094","°C","1013.000","hPa","40.0","pmil","0","55.500","deg","20.000","°C","100.000","%a.s.","22.080","deg","20.000","°C","976.000","hPa","0.861","-0.02617","0.00035","0","0","13.56","Humid","69.95","1","60.00","283959.95","SABD0001000008","AAV1.0.0.11","2.1.0.443","PSt7-10","171011-002","6/6/2018 8:55:32 AM","1443-01","0","no battery","V"
"07/10/2018","12:02:29","2","default","726512009","O2","12.906","min","208.848","μmol/L","Humid","20.418","deg","153380","µV","26.084","°C","1013.000","hPa","40.0","pmil","0","55.500","deg","20.000","°C","100.000","%a.s.","22.080","deg","20.000","°C","976.000","hPa","0.861","-0.02617","0.00035","0","0","13.56","Humid","69.95","1","60.00","283958.59","SABD0001000008","AAV1.0.0.11","2.1.0.443","PSt7-10","171011-002","6/6/2018 8:55:32 AM","1443-01","0","no battery","V"
"07/10/2018","12:02:30","2","default","726512009","O2","12.922","min","208.833","μmol/L","Humid","20.419","deg","153379","µV","26.084","°C","1013.000","hPa","40.0","pmil","0","55.500","deg","20.000","°C","100.000","%a.s.","22.080","deg","20.000","°C","976.000","hPa","0.861","-0.02617","0.00035","0","0","13.56","Humid","69.95","1","60.00","283959.61","SABD0001000008","AAV1.0.0.11","2.1.0.443","PSt7-10","171011-002","6/6/2018 8:55:32 AM","1443-01","0","no battery","V"
"07/10/2018","12:02:31","2","default","726512009","O2","12.939","min","208.720","μmol/L","Humid","20.420","deg","153407","µV","26.099","°C","1013.000","hPa","40.0","pmil","0","55.500","deg","20.000","°C","100.000","%a.s.","22.080","deg","20.000","°C","976.000","hPa","0.861","-0.02617","0.00035","0","0","13.56","Humid","69.95","1","60.00","283973.66","SABD0001000008","AAV1.0.0.11","2.1.0.443","PSt7-10","171011-002","6/6/2018 8:55:32 AM","1443-01","0","no battery","V"
"07/10/2018","12:02:32","2","default","726512009","O2","12.955","min","208.650","μmol/L","Humid","20.421","deg","153401","µV","26.107","°C","1013.000","hPa","40.0","pmil","0","55.500","deg","20.000","°C","100.000","%a.s.","22.080","deg","20.000","°C","976.000","hPa","0.861","-0.02617","0.00035","0","0","13.56","Humid","69.95","1","60.00","283959.07","SABD0001000008","AAV1.0.0.11","2.1.0.443","PSt7-10","171011-002","6/6/2018 8:55:32 AM","1443-01","0","no battery","V"
"07/10/2018","12:02:33","2","default","726512009","O2","12.972","min","208.612","μmol/L","Humid","20.424","deg","153412","µV","26.104","°C","1013.000","hPa","40.0","pmil","0","55.500","deg","20.000","°C","100.000","%a.s.","22.080","deg","20.000","°C","976.000","hPa","0.861","-0.02617","0.00035","0","0","13.56","Humid","69.95","1","60.00","283972.27","SABD0001000008","AAV1.0.0.11","2.1.0.443","PSt7-10","171011-002","6/6/2018 8:55:32 AM","1443-01","0","no battery","V"
"07/10/2018","12:02:34","2","default","726512009","O2","12.989","min","208.668","μmol/L","Humid","20.424","deg","153416","µV","26.095","°C","1013.000","hPa","40.0","pmil","0","55.500","deg","20.000","°C","100.000","%a.s.","22.080","deg","20.000","°C","976.000","hPa","0.861","-0.02617","0.00035","0","0","13.56","Humid","69.95","1","60.00","283960.97","SABD0001000008","AAV1.0.0.11","2.1.0.443","PSt7-10","171011-002","6/6/2018 8:55:32 AM","1443-01","0","no battery","V"
"07/10/2018","12:02:35","2","default","726512009","O2","13.006","min","208.603","μmol/L","Humid","20.425","deg","153423","µV","26.103","°C","1013.000","hPa","40.0","pmil","0","55.500","deg","20.000","°C","100.000","%a.s.","22.080","deg","20.000","°C","976.000","hPa","0.861","-0.02617","0.00035","0","0","13.56","Humid","69.95","1","60.00","283956.04","SABD0001000008","AAV1.0.0.11","2.1.0.443","PSt7-10","171011-002","6/6/2018 8:55:32 AM","1443-01","0","no battery","V"
"07/10/2018","12:02:36","2","default","726512009","O2","13.022","min","208.645","μmol/L","Humid","20.425","deg","153430","µV","26.096","°C","1013.000","hPa","40.0","pmil","0","55.500","deg","20.000","°C","100.000","%a.s.","22.080","deg","20.000","°C","976.000","hPa","0.861","-0.02617","0.00035","0","0","13.56","Humid","69.95","1","60.00","283967.12","SABD0001000008","AAV1.0.0.11","2.1.0.443","PSt7-10","171011-002","6/6/2018 8:55:32 AM","1443-01","0","no battery","V"
"07/10/2018","12:02:37","2","default","726512009","O2","13.038","min","208.619","μmol/L","Humid","20.423","deg","153438","µV","26.106","°C","1013.000","hPa","40.0","pmil","0","55.500","deg","20.000","°C","100.000","%a.s.","22.080","deg","20.000","°C","976.000","hPa","0.861","-0.02617","0.00035","0","0","13.56","Humid","69.95","1","60.00","283964.62","SABD0001000008","AAV1.0.0.11","2.1.0.443","PSt7-10","171011-002","6/6/2018 8:55:32 AM","1443-01","0","no battery","V"
"07/10/2018","12:02:38","2","default","726512009","O2","13.056","min","208.594","μmol/L","Humid","20.426","deg","153457","µV","26.101","°C","1013.000","hPa","40.0","pmil","0","55.500","deg","20.000","°C","100.000","%a.s.","22.080","deg","20.000","°C","976.000","hPa","0.861","-0.02617","0.00035","0","0","13.56","Humid","69.95","1","60.00","283967.58","SABD0001000008","AAV1.0.0.11","2.1.0.443","PSt7-10","171011-002","6/6/2018 8:55:32 AM","1443-01","0","no battery","V"
"07/10/2018","12:02:39","2","default","726512009","O2","13.072","min","208.549","μmol/L","Humid","20.428","deg","153455","µV","26.102","°C","1013.000","hPa","40.0","pmil","0","55.500","deg","20.000","°C","100.000","%a.s.","22.080","deg","20.000","°C","976.000","hPa","0.861","-0.02617","0.00035","0","0","13.56","Humid","69.95","1","60.00","283962.20","SABD0001000008","AAV1.0.0.11","2.1.0.443","PSt7-10","171011-002","6/6/2018 8:55:32 AM","1443-01","0","no battery","V"
"07/10/2018","12:02:40","2","default","726512009","O2","13.089","min","208.609","μmol/L","Humid","20.427","deg","153468","µV","26.096","°C","1013.000","hPa","40.0","pmil","0","55.500","deg","20.000","°C","100.000","%a.s.","22.080","deg","20.000","°C","976.000","hPa","0.861","-0.02617","0.00035","0","0","13.56","Humid","69.95","1","60.00","283963.15","SABD0001000008","AAV1.0.0.11","2.1.0.443","PSt7-10","171011-002","6/6/2018 8:55:32 AM","1443-01","0","no battery","V"
"07/10/2018","12:02:41","2","default","726512009","O2","13.106","min","208.488","μmol/L","Humid","20.429","deg","153479","µV","26.109","°C","1013.000","hPa","40.0","pmil","0","55.500","deg","20.000","°C","100.000","%a.s.","22.080","deg","20.000","°C","976.000","hPa","0.861","-0.02617","0.00035","0","0","13.56","Humid","69.95","1","60.00","283956.29","SABD0001000008","AAV1.0.0.11","2.1.0.443","PSt7-10","171011-002","6/6/2018 8:55:32 AM","1443-01","0","no battery","V"
"07/10/2018","12:02:42","2","default","726512009","O2","13.122","min","208.374","μmol/L","Humid","20.433","deg","153490","µV","26.116","°C","1013.000","hPa","40.0","pmil","0","55.500","deg","20.000","°C","100.000","%a.s.","22.080","deg","20.000","°C","976.000","hPa","0.861","-0.02617","0.00035","0","0","13.56","Humid","69.95","1","60.00","283964.20","SABD0001000008","AAV1.0.0.11","2.1.0.443","PSt7-10","171011-002","6/6/2018 8:55:32 AM","1443-01","0","no battery","V"
"07/10/2018","12:02:43","2","default","726512009","O2","13.138","min","208.392","μmol/L","Humid","20.433","deg","153481","µV","26.113","°C","1013.000","hPa","40.0","pmil","0","55.500","deg","20.000","°C","100.000","%a.s.","22.080","deg","20.000","°C","976.000","hPa","0.861","-0.02617","0.00035","0","0","13.56","Humid","69.95","1","60.00","283965.04","SABD0001000008","AAV1.0.0.11","2.1.0.443","PSt7-10","171011-002","6/6/2018 8:55:32 AM","1443-01","0","no battery","V"
"07/10/2018","12:02:44","2","default","726512009","O2","13.156","min","208.343","μmol/L","Humid","20.434","deg","153498","µV","26.118","°C","1013.000","hPa","40.0","pmil","0","55.500","deg","20.000","°C","100.000","%a.s.","22.080","deg","20.000","°C","976.000","hPa","0.861","-0.02617","0.00035","0","0","13.56","Humid","69.95","1","60.00","283960.90","SABD0001000008","AAV1.0.0.11","2.1.0.443","PSt7-10","171011-002","6/6/2018 8:55:32 AM","1443-01","0","no battery","V"
"07/10/2018","12:02:45","2","default","726512009","O2","13.172","min","208.326","μmol/L","Humid","20.435","deg","153493","µV","26.117","°C","1013.000","hPa","40.0","pmil","0","55.500","deg","20.000","°C","100.000","%a.s.","22.080","deg","20.000","°C","976.000","hPa","0.861","-0.02617","0.00035","0","0","13.56","Humid","69.95","1","60.00","283957.51","SABD0001000008","AAV1.0.0.11","2.1.0.443","PSt7-10","171011-002","6/6/2018 8:55:32 AM","1443-01","0","no battery","V"
"07/10/2018","12:02:46","2","default","726512009","O2","13.188","min","208.514","μmol/L","Humid","20.434","deg","153523","µV","26.090","°C","1013.000","hPa","40.0","pmil","0","55.500","deg","20.000","°C","100.000","%a.s.","22.080","deg","20.000","°C","976.000","hPa","0.861","-0.02617","0.00035","0","0","13.56","Humid","69.95","1","60.00","283959.57","SABD0001000008","AAV1.0.0.11","2.1.0.443","PSt7-10","171011-002","6/6/2018 8:55:32 AM","1443-01","0","no battery","V"
"07/10/2018","12:02:47","2","default","726512009","O2","13.205","min","208.496","μmol/L","Humid","20.436","deg","153517","µV","26.087","°C","1013.000","hPa","40.0","pmil","0","55.500","deg","20.000","°C","100.000","%a.s.","22.080","deg","20.000","°C","976.000","hPa","0.861","-0.02617","0.00035","0","0","13.56","Humid","69.95","1","60.00","283943.31","SABD0001000008","AAV1.0.0.11","2.1.0.443","PSt7-10","171011-002","6/6/2018 8:55:32 AM","1443-01","0","no battery","V"
"07/10/2018","12:02:48","2","default","726512009","O2","13.222","min","208.333","μmol/L","Humid","20.441","deg","153530","µV","26.098","°C","1013.000","hPa","40.0","pmil","0","55.500","deg","20.000","°C","100.000","%a.s.","22.080","deg","20.000","°C","976.000","hPa","0.861","-0.02617","0.00035","0","0","13.56","Humid","69.95","1","60.00","283953.26","SABD0001000008","AAV1.0.0.11","2.1.0.443","PSt7-10","171011-002","6/6/2018 8:55:32 AM","1443-01","0","no battery","V"
"07/10/2018","12:02:49","2","default","726512009","O2","13.239","min","208.385","μmol/L","Humid","20.440","deg","153539","µV","26.093","°C","1013.000","hPa","40.0","pmil","0","55.500","deg","20.000","°C","100.000","%a.s.","22.080","deg","20.000","°C","976.000","hPa","0.861","-0.02617","0.00035","0","0","13.56","Humid","69.95","1","60.00","283964.55","SABD0001000008","AAV1.0.0.11","2.1.0.443","PSt7-10","171011-002","6/6/2018 8:55:32 AM","1443-01","0","no battery","V"
"07/10/2018","12:02:50","2","default","726512009","O2","13.255","min","208.410","μmol/L","Humid","20.439","deg","153551","µV","26.091","°C","1013.000","hPa","40.0","pmil","0","55.500","deg","20.000","°C","100.000","%a.s.","22.080","deg","20.000","°C","976.000","hPa","0.861","-0.02617","0.00035","0","0","13.56","Humid","69.95","1","60.00","283956.41","SABD0001000008","AAV1.0.0.11","2.1.0.443","PSt7-10","171011-002","6/6/2018 8:55:32 AM","1443-01","0","no battery","V"
"07/10/2018","12:02:51","2","default","726512009","O2","13.272","min","208.200","μmol/L","Humid","20.442","deg","153553","µV","26.117","°C","1013.000","hPa","40.0","pmil","0","55.500","deg","20.000","°C","100.000","%a.s.","22.080","deg","20.000","°C","976.000","hPa","0.861","-0.02617","0.00035","0","0","13.56","Humid","69.95","1","60.00","283940.96","SABD0001000008","AAV1.0.0.11","2.1.0.443","PSt7-10","171011-002","6/6/2018 8:55:32 AM","1443-01","0","no battery","V"
"07/10/2018","12:02:52","2","default","726512009","O2","13.289","min","208.189","μmol/L","Humid","20.440","deg","153565","µV","26.124","°C","1013.000","hPa","40.0","pmil","0","55.500","deg","20.000","°C","100.000","%a.s.","22.080","deg","20.000","°C","976.000","hPa","0.861","-0.02617","0.00035","0","0","13.56","Humid","69.95","1","60.00","283967.21","SABD0001000008","AAV1.0.0.11","2.1.0.443","PSt7-10","171011-002","6/6/2018 8:55:32 AM","1443-01","0","no battery","V"
"07/10/2018","12:02:53","2","default","726512009","O2","13.305","min","208.183","μmol/L","Humid","20.441","deg","153573","µV","26.122","°C","1013.000","hPa","40.0","pmil","0","55.500","deg","20.000","°C","100.000","%a.s.","22.080","deg","20.000","°C","976.000","hPa","0.861","-0.02617","0.00035","0","0","13.56","Humid","69.95","1","60.00","283965.17","SABD0001000008","AAV1.0.0.11","2.1.0.443","PSt7-10","171011-002","6/6/2018 8:55:32 AM","1443-01","0","no battery","V"
"07/10/2018","12:02:54","2","default","726512009","O2","13.322","min","208.187","μmol/L","Humid","20.443","deg","153571","µV","26.116","°C","1013.000","hPa","40.0","pmil","0","55.500","deg","20.000","°C","100.000","%a.s.","22.080","deg","20.000","°C","976.000","hPa","0.861","-0.02617","0.00035","0","0","13.56","Humid","69.95","1","60.00","283964.53","SABD0001000008","AAV1.0.0.11","2.1.0.443","PSt7-10","171011-002","6/6/2018 8:55:32 AM","1443-01","0","no battery","V"
"07/10/2018","12:02:55","2","default","726512009","O2","13.339","min","208.084","μmol/L","Humid","20.445","deg","153582","µV","26.126","°C","1013.000","hPa","40.0","pmil","0","55.500","deg","20.000","°C","100.000","%a.s.","22.080","deg","20.000","°C","976.000","hPa","0.861","-0.02617","0.00035","0","0","13.56","Humid","69.95","1","60.00","283954.34","SABD0001000008","AAV1.0.0.11","2.1.0.443","PSt7-10","171011-002","6/6/2018 8:55:32 AM","1443-01","0","no battery","V"
"07/10/2018","12:02:56","2","default","726512009","O2","13.355","min","208.096","μmol/L","Humid","20.444","deg","153593","µV","26.127","°C","1013.000","hPa","40.0","pmil","0","55.500","deg","20.000","°C","100.000","%a.s.","22.080","deg","20.000","°C","976.000","hPa","0.861","-0.02617","0.00035","0","0","13.56","Humid","69.95","1","60.00","283957.17","SABD0001000008","AAV1.0.0.11","2.1.0.443","PSt7-10","171011-002","6/6/2018 8:55:32 AM","1443-01","0","no battery","V"
"07/10/2018","12:02:57","2","default","726512009","O2","13.372","min","208.185","μmol/L","Humid","20.444","deg","153598","µV","26.113","°C","1013.000","hPa","40.0","pmil","0","55.500","deg","20.000","°C","100.000","%a.s.","22.080","deg","20.000","°C","976.000","hPa","0.861","-0.02617","0.00035","0","0","13.56","Humid","69.95","1","60.00","283964.70","SABD0001000008","AAV1.0.0.11","2.1.0.443","PSt7-10","171011-002","6/6/2018 8:55:32 AM","1443-01","0","no battery","V"
"07/10/2018","12:02:58","2","default","726512009","O2","13.388","min","208.178","μmol/L","Humid","20.446","deg","153601","µV","26.108","°C","1013.000","hPa","40.0","pmil","0","55.500","deg","20.000","°C","100.000","%a.s.","22.080","deg","20.000","°C","976.000","hPa","0.861","-0.02617","0.00035","0","0","13.56","Humid","69.95","1","60.00","283956.86","SABD0001000008","AAV1.0.0.11","2.1.0.443","PSt7-10","171011-002","6/6/2018 8:55:32 AM","1443-01","0","no battery","V"
"07/10/2018","12:02:59","2","default","726512009","O2","13.406","min","208.168","μmol/L","Humid","20.446","deg","153626","µV","26.110","°C","1013.000","hPa","40.0","pmil","0","55.500","deg","20.000","°C","100.000","%a.s.","22.080","deg","20.000","°C","976.000","hPa","0.861","-0.02617","0.00035","0","0","13.56","Humid","69.95","1","60.00","283961.98","SABD0001000008","AAV1.0.0.11","2.1.0.443","PSt7-10","171011-002","6/6/2018 8:55:32 AM","1443-01","0","no battery","V"
"07/10/2018","12:03:00","2","default","726512009","O2","13.422","min","208.057","μmol/L","Humid","20.448","deg","153609","µV","26.122","°C","1013.000","hPa","40.0","pmil","0","55.500","deg","20.000","°C","100.000","%a.s.","22.080","deg","20.000","°C","976.000","hPa","0.861","-0.02617","0.00035","0","0","13.56","Humid","69.95","1","60.00","283943.79","SABD0001000008","AAV1.0.0.11","2.1.0.443","PSt7-10","171011-002","6/6/2018 8:55:32 AM","1443-01","0","no battery","V"
"07/10/2018","12:03:01","2","default","726512009","O2","13.438","min","207.995","μmol/L","Humid","20.450","deg","153621","µV","26.126","°C","1013.000","hPa","40.0","pmil","0","55.500","deg","20.000","°C","100.000","%a.s.","22.080","deg","20.000","°C","976.000","hPa","0.861","-0.02617","0.00035","0","0","13.56","Humid","69.95","1","60.00","283945.11","SABD0001000008","AAV1.0.0.11","2.1.0.443","PSt7-10","171011-002","6/6/2018 8:55:32 AM","1443-01","0","no battery","V"
"07/10/2018","12:03:02","2","default","726512009","O2","13.455","min","208.026","μmol/L","Humid","20.452","deg","153631","µV","26.114","°C","1013.000","hPa","40.0","pmil","0","55.500","deg","20.000","°C","100.000","%a.s.","22.080","deg","20.000","°C","976.000","hPa","0.861","-0.02617","0.00035","0","0","13.56","Humid","69.95","1","60.00","283958.22","SABD0001000008","AAV1.0.0.11","2.1.0.443","PSt7-10","171011-002","6/6/2018 8:55:32 AM","1443-01","0","no battery","V"
"07/10/2018","12:03:03","2","default","726512009","O2","13.471","min","208.080","μmol/L","Humid","20.449","deg","153637","µV","26.115","°C","1013.000","hPa","40.0","pmil","0","55.500","deg","20.000","°C","100.000","%a.s.","22.080","deg","20.000","°C","976.000","hPa","0.861","-0.02617","0.00035","0","0","13.56","Humid","69.95","1","60.00","283951.66","SABD0001000008","AAV1.0.0.11","2.1.0.443","PSt7-10","171011-002","6/6/2018 8:55:32 AM","1443-01","0","no battery","V"
"07/10/2018","12:03:04","2","default","726512009","O2","13.489","min","208.016","μmol/L","Humid","20.451","deg","153652","µV","26.119","°C","1013.000","hPa","40.0","pmil","0","55.500","deg","20.000","°C","100.000","%a.s.","22.080","deg","20.000","°C","976.000","hPa","0.861","-0.02617","0.00035","0","0","13.56","Humid","69.95","1","60.00","283961.55","SABD0001000008","AAV1.0.0.11","2.1.0.443","PSt7-10","171011-002","6/6/2018 8:55:32 AM","1443-01","0","no battery","V"
"07/10/2018","12:03:05","2","default","726512009","O2","13.505","min","208.035","μmol/L","Humid","20.454","deg","153656","µV","26.107","°C","1013.000","hPa","40.0","pmil","0","55.500","deg","20.000","°C","100.000","%a.s.","22.080","deg","20.000","°C","976.000","hPa","0.861","-0.02617","0.00035","0","0","13.56","Humid","69.95","1","60.00","283957.96","SABD0001000008","AAV1.0.0.11","2.1.0.443","PSt7-10","171011-002","6/6/2018 8:55:32 AM","1443-01","0","no battery","V"
"07/10/2018","12:03:06","2","default","726512009","O2","13.522","min","208.056","μmol/L","Humid","20.450","deg","153667","µV","26.116","°C","1013.000","hPa","40.0","pmil","0","55.500","deg","20.000","°C","100.000","%a.s.","22.080","deg","20.000","°C","976.000","hPa","0.861","-0.02617","0.00035","0","0","13.56","Humid","69.95","1","60.00","283954.53","SABD0001000008","AAV1.0.0.11","2.1.0.443","PSt7-10","171011-002","6/6/2018 8:55:32 AM","1443-01","0","no battery","V"
"07/10/2018","12:03:07","2","default","726512009","O2","13.539","min","207.977","μmol/L","Humid","20.456","deg","153676","µV","26.110","°C","1013.000","hPa","40.0","pmil","0","55.500","deg","20.000","°C","100.000","%a.s.","22.080","deg","20.000","°C","976.000","hPa","0.861","-0.02617","0.00035","0","0","13.56","Humid","69.95","1","60.00","283955.97","SABD0001000008","AAV1.0.0.11","2.1.0.443","PSt7-10","171011-002","6/6/2018 8:55:32 AM","1443-01","0","no battery","V"
"07/10/2018","12:03:08","2","default","726512009","O2","13.555","min","207.997","μmol/L","Humid","20.453","deg","153685","µV","26.116","°C","1013.000","hPa","40.0","pmil","0","55.500","deg","20.000","°C","100.000","%a.s.","22.080","deg","20.000","°C","976.000","hPa","0.861","-0.02617","0.00035","0","0","13.56","Humid","69.95","1","60.00","283953.61","SABD0001000008","AAV1.0.0.11","2.1.0.443","PSt7-10","171011-002","6/6/2018 8:55:32 AM","1443-01","0","no battery","V"
"07/10/2018","12:03:09","2","default","726512009","O2","13.572","min","207.967","μmol/L","Humid","20.457","deg","153691","µV","26.109","°C","1013.000","hPa","40.0","pmil","0","55.500","deg","20.000","°C","100.000","%a.s.","22.080","deg","20.000","°C","976.000","hPa","0.861","-0.02617","0.00035","0","0","13.56","Humid","69.95","1","60.00","283953.17","SABD0001000008","AAV1.0.0.11","2.1.0.443","PSt7-10","171011-002","6/6/2018 8:55:32 AM","1443-01","0","no battery","V"
"07/10/2018","12:03:10","2","default","726512009","O2","13.589","min","207.818","μmol/L","Humid","20.458","deg","153701","µV","26.130","°C","1013.000","hPa","40.0","pmil","0","55.500","deg","20.000","°C","100.000","%a.s.","22.080","deg","20.000","°C","976.000","hPa","0.861","-0.02617","0.00035","0","0","13.56","Humid","69.95","1","60.00","283946.85","SABD0001000008","AAV1.0.0.11","2.1.0.443","PSt7-10","171011-002","6/6/2018 8:55:32 AM","1443-01","0","no battery","V"
"07/10/2018","12:03:11","2","default","726512009","O2","13.605","min","207.841","μmol/L","Humid","20.461","deg","153710","µV","26.117","°C","1013.000","hPa","40.0","pmil","0","55.500","deg","20.000","°C","100.000","%a.s.","22.080","deg","20.000","°C","976.000","hPa","0.861","-0.02617","0.00035","0","0","13.56","Humid","69.95","1","60.00","283953.80","SABD0001000008","AAV1.0.0.11","2.1.0.443","PSt7-10","171011-002","6/6/2018 8:55:32 AM","1443-01","0","no battery","V"
"07/10/2018","12:03:12","2","default","726512009","O2","13.622","min","207.807","μmol/L","Humid","20.461","deg","153717","µV","26.123","°C","1013.000","hPa","40.0","pmil","0","55.500","deg","20.000","°C","100.000","%a.s.","22.080","deg","20.000","°C","976.000","hPa","0.861","-0.02617","0.00035","0","0","13.56","Humid","69.95","1","60.00","283940.74","SABD0001000008","AAV1.0.0.11","2.1.0.443","PSt7-10","171011-002","6/6/2018 8:55:32 AM","1443-01","0","no battery","V"
"07/10/2018","12:03:13","2","default","726512009","O2","13.639","min","207.831","μmol/L","Humid","20.461","deg","153718","µV","26.119","°C","1013.000","hPa","40.0","pmil","0","55.500","deg","20.000","°C","100.000","%a.s.","22.080","deg","20.000","°C","976.000","hPa","0.861","-0.02617","0.00035","0","0","13.56","Humid","69.95","1","60.00","283945.12","SABD0001000008","AAV1.0.0.11","2.1.0.443","PSt7-10","171011-002","6/6/2018 8:55:32 AM","1443-01","0","no battery","V"
"07/10/2018","12:03:14","2","default","726512009","O2","13.655","min","207.788","μmol/L","Humid","20.461","deg","153721","µV","26.126","°C","1013.000","hPa","40.0","pmil","0","55.500","deg","20.000","°C","100.000","%a.s.","22.080","deg","20.000","°C","976.000","hPa","0.861","-0.02617","0.00035","0","0","13.56","Humid","69.95","1","60.00","283941.34","SABD0001000008","AAV1.0.0.11","2.1.0.443","PSt7-10","171011-002","6/6/2018 8:55:32 AM","1443-01","0","no battery","V"
"07/10/2018","12:03:15","2","default","726512009","O2","13.672","min","207.816","μmol/L","Humid","20.460","deg","153738","µV","26.124","°C","1013.000","hPa","40.0","pmil","0","55.500","deg","20.000","°C","100.000","%a.s.","22.080","deg","20.000","°C","976.000","hPa","0.861","-0.02617","0.00035","0","0","13.56","Humid","69.95","1","60.00","283958.80","SABD0001000008","AAV1.0.0.11","2.1.0.443","PSt7-10","171011-002","6/6/2018 8:55:32 AM","1443-01","0","no battery","V"
"07/10/2018","12:03:16","2","default","726512009","O2","13.689","min","207.779","μmol/L","Humid","20.463","deg","153744","µV","26.121","°C","1013.000","hPa","40.0","pmil","0","55.500","deg","20.000","°C","100.000","%a.s.","22.080","deg","20.000","°C","976.000","hPa","0.861","-0.02617","0.00035","0","0","13.56","Humid","69.95","1","60.00","283957.72","SABD0001000008","AAV1.0.0.11","2.1.0.443","PSt7-10","171011-002","6/6/2018 8:55:32 AM","1443-01","0","no battery","V"
"07/10/2018","12:03:17","2","default","726512009","O2","13.705","min","207.709","μmol/L","Humid","20.466","deg","153747","µV","26.123","°C","1013.000","hPa","40.0","pmil","0","55.500","deg","20.000","°C","100.000","%a.s.","22.080","deg","20.000","°C","976.000","hPa","0.861","-0.02617","0.00035","0","0","13.56","Humid","69.95","1","60.00","283953.93","SABD0001000008","AAV1.0.0.11","2.1.0.443","PSt7-10","171011-002","6/6/2018 8:55:32 AM","1443-01","0","no battery","V"
"07/10/2018","12:03:18","2","default","726512009","O2","13.722","min","207.689","μmol/L","Humid","20.467","deg","153757","µV","26.124","°C","1013.000","hPa","40.0","pmil","0","55.500","deg","20.000","°C","100.000","%a.s.","22.080","deg","20.000","°C","976.000","hPa","0.861","-0.02617","0.00035","0","0","13.56","Humid","69.95","1","60.00","283949.34","SABD0001000008","AAV1.0.0.11","2.1.0.443","PSt7-10","171011-002","6/6/2018 8:55:32 AM","1443-01","0","no battery","V"
"07/10/2018","12:03:19","2","default","726512009","O2","13.739","min","207.743","μmol/L","Humid","20.463","deg","153761","µV","26.127","°C","1013.000","hPa","40.0","pmil","0","55.500","deg","20.000","°C","100.000","%a.s.","22.080","deg","20.000","°C","976.000","hPa","0.861","-0.02617","0.00035","0","0","13.56","Humid","69.95","1","60.00","283945.43","SABD0001000008","AAV1.0.0.11","2.1.0.443","PSt7-10","171011-002","6/6/2018 8:55:32 AM","1443-01","0","no battery","V"
"07/10/2018","12:03:20","2","default","726512009","O2","13.756","min","207.556","μmol/L","Humid","20.469","deg","153775","µV","26.139","°C","1013.000","hPa","40.0","pmil","0","55.500","deg","20.000","°C","100.000","%a.s.","22.080","deg","20.000","°C","976.000","hPa","0.861","-0.02617","0.00035","0","0","13.56","Humid","69.95","1","60.00","283946.86","SABD0001000008","AAV1.0.0.11","2.1.0.443","PSt7-10","171011-002","6/6/2018 8:55:32 AM","1443-01","0","no battery","V"
"07/10/2018","12:03:21","2","default","726512009","O2","13.772","min","207.620","μmol/L","Humid","20.470","deg","153785","µV","26.126","°C","1013.000","hPa","40.0","pmil","0","55.500","deg","20.000","°C","100.000","%a.s.","22.080","deg","20.000","°C","976.000","hPa","0.861","-0.02617","0.00035","0","0","13.56","Humid","69.95","1","60.00","283948.21","SABD0001000008","AAV1.0.0.11","2.1.0.443","PSt7-10","171011-002","6/6/2018 8:55:32 AM","1443-01","0","no battery","V"
"07/10/2018","12:03:22","2","default","726512009","O2","13.789","min","207.751","μmol/L","Humid","20.468","deg","153787","µV","26.110","°C","1013.000","hPa","40.0","pmil","0","55.500","deg","20.000","°C","100.000","%a.s.","22.080","deg","20.000","°C","976.000","hPa","0.861","-0.02617","0.00035","0","0","13.56","Humid","69.95","1","60.00","283950.51","SABD0001000008","AAV1.0.0.11","2.1.0.443","PSt7-10","171011-002","6/6/2018 8:55:32 AM","1443-01","0","no battery","V"
"07/10/2018","12:03:23","2","default","726512009","O2","13.805","min","207.731","μmol/L","Humid","20.465","deg","153789","µV","26.123","°C","1013.000","hPa","40.0","pmil","0","55.500","deg","20.000","°C","100.000","%a.s.","22.080","deg","20.000","°C","976.000","hPa","0.861","-0.02617","0.00035","0","0","13.56","Humid","69.95","1","60.00","283941.24","SABD0001000008","AAV1.0.0.11","2.1.0.443","PSt7-10","171011-002","6/6/2018 8:55:32 AM","1443-01","0","no battery","V"
"07/10/2018","12:03:24","2","default","726512009","O2","13.822","min","207.741","μmol/L","Humid","20.466","deg","153784","µV","26.118","°C","1013.000","hPa","40.0","pmil","0","55.500","deg","20.000","°C","100.000","%a.s.","22.080","deg","20.000","°C","976.000","hPa","0.861","-0.02617","0.00035","0","0","13.56","Humid","69.95","1","60.00","283932.70","SABD0001000008","AAV1.0.0.11","2.1.0.443","PSt7-10","171011-002","6/6/2018 8:55:32 AM","1443-01","0","no battery","V"
"07/10/2018","12:03:25","2","default","726512009","O2","13.838","min","207.567","μmol/L","Humid","20.470","deg","153804","µV","26.134","°C","1013.000","hPa","40.0","pmil","0","55.500","deg","20.000","°C","100.000","%a.s.","22.080","deg","20.000","°C","976.000","hPa","0.861","-0.02617","0.00035","0","0","13.56","Humid","69.95","1","60.00","283940.61","SABD0001000008","AAV1.0.0.11","2.1.0.443","PSt7-10","171011-002","6/6/2018 8:55:32 AM","1443-01","0","no battery","V"
"07/10/2018","12:03:26","2","default","726512009","O2","13.855","min","207.735","μmol/L","Humid","20.468","deg","153821","µV","26.113","°C","1013.000","hPa","40.0","pmil","0","55.500","deg","20.000","°C","100.000","%a.s.","22.080","deg","20.000","°C","976.000","hPa","0.861","-0.02617","0.00035","0","0","13.56","Humid","69.95","1","60.00","283939.58","SABD0001000008","AAV1.0.0.11","2.1.0.443","PSt7-10","171011-002","6/6/2018 8:55:32 AM","1443-01","0","no battery","V"
"07/10/2018","12:03:27","2","default","726512009","O2","13.872","min","207.612","μmol/L","Humid","20.471","deg","153823","µV","26.124","°C","1013.000","hPa","40.0","pmil","0","55.500","deg","20.000","°C","100.000","%a.s.","22.080","deg","20.000","°C","976.000","hPa","0.861","-0.02617","0.00035","0","0","13.56","Humid","69.95","1","60.00","283940.71","SABD0001000008","AAV1.0.0.11","2.1.0.443","PSt7-10","171011-002","6/6/2018 8:55:32 AM","1443-01","0","no battery","V"
"07/10/2018","12:03:28","2","default","726512009","O2","13.888","min","207.540","μmol/L","Humid","20.472","deg","153822","µV","26.133","°C","1013.000","hPa","40.0","pmil","0","55.500","deg","20.000","°C","100.000","%a.s.","22.080","deg","20.000","°C","976.000","hPa","0.861","-0.02617","0.00035","0","0","13.56","Humid","69.95","1","60.00","283923.18","SABD0001000008","AAV1.0.0.11","2.1.0.443","PSt7-10","171011-002","6/6/2018 8:55:32 AM","1443-01","0","no battery","V"
"07/10/2018","12:03:29","2","default","726512009","O2","13.905","min","207.460","μmol/L","Humid","20.476","deg","153829","µV","26.134","°C","1013.000","hPa","40.0","pmil","0","55.500","deg","20.000","°C","100.000","%a.s.","22.080","deg","20.000","°C","976.000","hPa","0.861","-0.02617","0.00035","0","0","13.56","Humid","69.95","1","60.00","283928.16","SABD0001000008","AAV1.0.0.11","2.1.0.443","PSt7-10","171011-002","6/6/2018 8:55:32 AM","1443-01","0","no battery","V"
"07/10/2018","12:03:30","2","default","726512009","O2","13.922","min","207.424","μmol/L","Humid","20.476","deg","153843","µV","26.139","°C","1013.000","hPa","40.0","pmil","0","55.500","deg","20.000","°C","100.000","%a.s.","22.080","deg","20.000","°C","976.000","hPa","0.861","-0.02617","0.00035","0","0","13.56","Humid","69.95","1","60.00","283940.38","SABD0001000008","AAV1.0.0.11","2.1.0.443","PSt7-10","171011-002","6/6/2018 8:55:32 AM","1443-01","0","no battery","V"
"07/10/2018","12:03:31","2","default","726512009","O2","13.939","min","207.340","μmol/L","Humid","20.477","deg","153863","µV","26.150","°C","1013.000","hPa","40.0","pmil","0","55.500","deg","20.000","°C","100.000","%a.s.","22.080","deg","20.000","°C","976.000","hPa","0.861","-0.02617","0.00035","0","0","13.56","Humid","69.95","1","60.00","283937.02","SABD0001000008","AAV1.0.0.11","2.1.0.443","PSt7-10","171011-002","6/6/2018 8:55:32 AM","1443-01","0","no battery","V"
"07/10/2018","12:03:32","2","default","726512009","O2","13.955","min","207.437","μmol/L","Humid","20.477","deg","153858","µV","26.134","°C","1013.000","hPa","40.0","pmil","0","55.500","deg","20.000","°C","100.000","%a.s.","22.080","deg","20.000","°C","976.000","hPa","0.861","-0.02617","0.00035","0","0","13.56","Humid","69.95","1","60.00","283946.99","SABD0001000008","AAV1.0.0.11","2.1.0.443","PSt7-10","171011-002","6/6/2018 8:55:32 AM","1443-01","0","no battery","V"
"07/10/2018","12:03:33","2","default","726512009","O2","13.971","min","207.460","μmol/L","Humid","20.480","deg","153872","µV","26.121","°C","1013.000","hPa","40.0","pmil","0","55.500","deg","20.000","°C","100.000","%a.s.","22.080","deg","20.000","°C","976.000","hPa","0.861","-0.02617","0.00035","0","0","13.56","Humid","69.95","1","60.00","283938.62","SABD0001000008","AAV1.0.0.11","2.1.0.443","PSt7-10","171011-002","6/6/2018 8:55:32 AM","1443-01","0","no battery","V"
"07/10/2018","12:03:34","2","default","726512009","O2","13.989","min","207.511","μmol/L","Humid","20.479","deg","153873","µV","26.116","°C","1013.000","hPa","40.0","pmil","0","55.500","deg","20.000","°C","100.000","%a.s.","22.080","deg","20.000","°C","976.000","hPa","0.861","-0.02617","0.00035","0","0","13.56","Humid","69.95","1","60.00","283928.01","SABD0001000008","AAV1.0.0.11","2.1.0.443","PSt7-10","171011-002","6/6/2018 8:55:32 AM","1443-01","0","no battery","V"
"07/10/2018","12:03:35","2","default","726512009","O2","14.005","min","207.416","μmol/L","Humid","20.481","deg","153884","µV","26.125","°C","1013.000","hPa","40.0","pmil","0","55.500","deg","20.000","°C","100.000","%a.s.","22.080","deg","20.000","°C","976.000","hPa","0.861","-0.02617","0.00035","0","0","13.56","Humid","69.95","1","60.00","283935.10","SABD0001000008","AAV1.0.0.11","2.1.0.443","PSt7-10","171011-002","6/6/2018 8:55:32 AM","1443-01","0","no battery","V"
"07/10/2018","12:03:36","2","default","726512009","O2","14.022","min","207.448","μmol/L","Humid","20.482","deg","153883","µV","26.117","°C","1013.000","hPa","40.0","pmil","0","55.500","deg","20.000","°C","100.000","%a.s.","22.080","deg","20.000","°C","976.000","hPa","0.861","-0.02617","0.00035","0","0","13.56","Humid","69.95","1","60.00","283940.15","SABD0001000008","AAV1.0.0.11","2.1.0.443","PSt7-10","171011-002","6/6/2018 8:55:32 AM","1443-01","0","no battery","V"
"07/10/2018","12:03:37","2","default","726512009","O2","14.039","min","207.298","μmol/L","Humid","20.483","deg","153891","µV","26.139","°C","1013.000","hPa","40.0","pmil","0","55.500","deg","20.000","°C","100.000","%a.s.","22.080","deg","20.000","°C","976.000","hPa","0.861","-0.02617","0.00035","0","0","13.56","Humid","69.95","1","60.00","283936.48","SABD0001000008","AAV1.0.0.11","2.1.0.443","PSt7-10","171011-002","6/6/2018 8:55:32 AM","1443-01","0","no battery","V"
"07/10/2018","12:03:38","2","default","726512009","O2","14.055","min","207.265","μmol/L","Humid","20.485","deg","153906","µV","26.138","°C","1013.000","hPa","40.0","pmil","0","55.500","deg","20.000","°C","100.000","%a.s.","22.080","deg","20.000","°C","976.000","hPa","0.861","-0.02617","0.00035","0","0","13.56","Humid","69.95","1","60.00","283931.51","SABD0001000008","AAV1.0.0.11","2.1.0.443","PSt7-10","171011-002","6/6/2018 8:55:32 AM","1443-01","0","no battery","V"
"07/10/2018","12:03:39","2","default","726512009","O2","14.072","min","207.325","μmol/L","Humid","20.483","deg","153912","µV","26.134","°C","1013.000","hPa","40.0","pmil","0","55.500","deg","20.000","°C","100.000","%a.s.","22.080","deg","20.000","°C","976.000","hPa","0.861","-0.02617","0.00035","0","0","13.56","Humid","69.95","1","60.00","283930.22","SABD0001000008","AAV1.0.0.11","2.1.0.443","PSt7-10","171011-002","6/6/2018 8:55:32 AM","1443-01","0","no battery","V"
"07/10/2018","12:03:40","2","default","726512009","O2","14.089","min","207.255","μmol/L","Humid","20.486","deg","153913","µV","26.137","°C","1013.000","hPa","40.0","pmil","0","55.500","deg","20.000","°C","100.000","%a.s.","22.080","deg","20.000","°C","976.000","hPa","0.861","-0.02617","0.00035","0","0","13.56","Humid","69.95","1","60.00","283934.22","SABD0001000008","AAV1.0.0.11","2.1.0.443","PSt7-10","171011-002","6/6/2018 8:55:32 AM","1443-01","0","no battery","V"
"07/10/2018","12:03:41","2","default","726512009","O2","14.105","min","207.240","μmol/L","Humid","20.484","deg","153918","µV","26.145","°C","1013.000","hPa","40.0","pmil","0","55.500","deg","20.000","°C","100.000","%a.s.","22.080","deg","20.000","°C","976.000","hPa","0.861","-0.02617","0.00035","0","0","13.56","Humid","69.95","1","60.00","283945.75","SABD0001000008","AAV1.0.0.11","2.1.0.443","PSt7-10","171011-002","6/6/2018 8:55:32 AM","1443-01","0","no battery","V"
"07/10/2018","12:03:42","2","default","726512009","O2","14.122","min","207.221","μmol/L","Humid","20.488","deg","153941","µV","26.136","°C","1013.000","hPa","40.0","pmil","0","55.500","deg","20.000","°C","100.000","%a.s.","22.080","deg","20.000","°C","976.000","hPa","0.861","-0.02617","0.00035","0","0","13.56","Humid","69.95","1","60.00","283949.62","SABD0001000008","AAV1.0.0.11","2.1.0.443","PSt7-10","171011-002","6/6/2018 8:55:32 AM","1443-01","0","no battery","V"
"07/10/2018","12:03:43","2","default","726512009","O2","14.138","min","207.255","μmol/L","Humid","20.486","deg","153938","µV","26.137","°C","1013.000","hPa","40.0","pmil","0","55.500","deg","20.000","°C","100.000","%a.s.","22.080","deg","20.000","°C","976.000","hPa","0.861","-0.02617","0.00035","0","0","13.56","Humid","69.95","1","60.00","283936.12","SABD0001000008","AAV1.0.0.11","2.1.0.443","PSt7-10","171011-002","6/6/2018 8:55:32 AM","1443-01","0","no battery","V"
"07/10/2018","12:03:44","2","default","726512009","O2","14.155","min","207.170","μmol/L","Humid","20.486","deg","153940","µV","26.151","°C","1013.000","hPa","40.0","pmil","0","55.500","deg","20.000","°C","100.000","%a.s.","22.080","deg","20.000","°C","976.000","hPa","0.861","-0.02617","0.00035","0","0","13.56","Humid","69.95","1","60.00","283931.37","SABD0001000008","AAV1.0.0.11","2.1.0.443","PSt7-10","171011-002","6/6/2018 8:55:32 AM","1443-01","0","no battery","V"
"07/10/2018","12:03:45","2","default","726512009","O2","14.172","min","207.237","μmol/L","Humid","20.487","deg","153956","µV","26.137","°C","1013.000","hPa","40.0","pmil","0","55.500","deg","20.000","°C","100.000","%a.s.","22.080","deg","20.000","°C","976.000","hPa","0.861","-0.02617","0.00035","0","0","13.56","Humid","69.95","1","60.00","283936.50","SABD0001000008","AAV1.0.0.11","2.1.0.443","PSt7-10","171011-002","6/6/2018 8:55:32 AM","1443-01","0","no battery","V"
"07/10/2018","12:03:46","2","default","726512009","O2","14.189","min","207.196","μmol/L","Humid","20.490","deg","153966","µV","26.134","°C","1013.000","hPa","40.0","pmil","0","55.500","deg","20.000","°C","100.000","%a.s.","22.080","deg","20.000","°C","976.000","hPa","0.861","-0.02617","0.00035","0","0","13.56","Humid","69.95","1","60.00","283927.47","SABD0001000008","AAV1.0.0.11","2.1.0.443","PSt7-10","171011-002","6/6/2018 8:55:32 AM","1443-01","0","no battery","V"
"07/10/2018","12:03:47","2","default","726512009","O2","14.205","min","207.233","μmol/L","Humid","20.489","deg","153963","µV","26.131","°C","1013.000","hPa","40.0","pmil","0","55.500","deg","20.000","°C","100.000","%a.s.","22.080","deg","20.000","°C","976.000","hPa","0.861","-0.02617","0.00035","0","0","13.56","Humid","69.95","1","60.00","283939.22","SABD0001000008","AAV1.0.0.11","2.1.0.443","PSt7-10","171011-002","6/6/2018 8:55:32 AM","1443-01","0","no battery","V"
"07/10/2018","12:03:48","2","default","726512009","O2","14.222","min","207.004","μmol/L","Humid","20.495","deg","153971","µV","26.150","°C","1013.000","hPa","40.0","pmil","0","55.500","deg","20.000","°C","100.000","%a.s.","22.080","deg","20.000","°C","976.000","hPa","0.861","-0.02617","0.00035","0","0","13.56","Humid","69.95","1","60.00","283939.40","SABD0001000008","AAV1.0.0.11","2.1.0.443","PSt7-10","171011-002","6/6/2018 8:55:32 AM","1443-01","0","no battery","V"
"07/10/2018","12:03:49","2","default","726512009","O2","14.239","min","207.016","μmol/L","Humid","20.492","deg","153984","µV","26.158","°C","1013.000","hPa","40.0","pmil","0","55.500","deg","20.000","°C","100.000","%a.s.","22.080","deg","20.000","°C","976.000","hPa","0.861","-0.02617","0.00035","0","0","13.56","Humid","69.95","1","60.00","283935.25","SABD0001000008","AAV1.0.0.11","2.1.0.443","PSt7-10","171011-002","6/6/2018 8:55:32 AM","1443-01","0","no battery","V"
"07/10/2018","12:03:50","2","default","726512009","O2","14.255","min","207.071","μmol/L","Humid","20.494","deg","154000","µV","26.142","°C","1013.000","hPa","40.0","pmil","0","55.500","deg","20.000","°C","100.000","%a.s.","22.080","deg","20.000","°C","976.000","hPa","0.861","-0.02617","0.00035","0","0","13.56","Humid","69.95","1","60.00","283938.16","SABD0001000008","AAV1.0.0.11","2.1.0.443","PSt7-10","171011-002","6/6/2018 8:55:32 AM","1443-01","0","no battery","V"
"07/10/2018","12:03:51","2","default","726512009","O2","14.272","min","206.990","μmol/L","Humid","20.496","deg","154009","µV","26.150","°C","1013.000","hPa","40.0","pmil","0","55.500","deg","20.000","°C","100.000","%a.s.","22.080","deg","20.000","°C","976.000","hPa","0.861","-0.02617","0.00035","0","0","13.56","Humid","69.95","1","60.00","283938.77","SABD0001000008","AAV1.0.0.11","2.1.0.443","PSt7-10","171011-002","6/6/2018 8:55:32 AM","1443-01","0","no battery","V"
"07/10/2018","12:03:52","2","default","726512009","O2","14.288","min","207.102","μmol/L","Humid","20.492","deg","154012","µV","26.143","°C","1013.000","hPa","40.0","pmil","0","55.500","deg","20.000","°C","100.000","%a.s.","22.080","deg","20.000","°C","976.000","hPa","0.861","-0.02617","0.00035","0","0","13.56","Humid","69.95","1","60.00","283933.00","SABD0001000008","AAV1.0.0.11","2.1.0.443","PSt7-10","171011-002","6/6/2018 8:55:32 AM","1443-01","0","no battery","V"
"07/10/2018","12:03:53","2","default","726512009","O2","14.306","min","207.156","μmol/L","Humid","20.493","deg","154018","µV","26.131","°C","1013.000","hPa","40.0","pmil","0","55.500","deg","20.000","°C","100.000","%a.s.","22.080","deg","20.000","°C","976.000","hPa","0.861","-0.02617","0.00035","0","0","13.56","Humid","69.95","1","60.00","283932.75","SABD0001000008","AAV1.0.0.11","2.1.0.443","PSt7-10","171011-002","6/6/2018 8:55:32 AM","1443-01","0","no battery","V"
"07/10/2018","12:03:54","2","default","726512009","O2","14.322","min","207.023","μmol/L","Humid","20.493","deg","154031","µV","26.153","°C","1013.000","hPa","40.0","pmil","0","55.500","deg","20.000","°C","100.000","%a.s.","22.080","deg","20.000","°C","976.000","hPa","0.861","-0.02617","0.00035","0","0","13.56","Humid","69.95","1","60.00","283936.10","SABD0001000008","AAV1.0.0.11","2.1.0.443","PSt7-10","171011-002","6/6/2018 8:55:32 AM","1443-01","0","no battery","V"
"07/10/2018","12:03:55","2","default","726512009","O2","14.338","min","206.985","μmol/L","Humid","20.496","deg","154028","µV","26.150","°C","1013.000","hPa","40.0","pmil","0","55.500","deg","20.000","°C","100.000","%a.s.","22.080","deg","20.000","°C","976.000","hPa","0.861","-0.02617","0.00035","0","0","13.56","Humid","69.95","1","60.00","283929.77","SABD0001000008","AAV1.0.0.11","2.1.0.443","PSt7-10","171011-002","6/6/2018 8:55:32 AM","1443-01","0","no battery","V"
"07/10/2018","12:03:56","2","default","726512009","O2","14.355","min","207.020","μmol/L","Humid","20.496","deg","154037","µV","26.145","°C","1013.000","hPa","40.0","pmil","0","55.500","deg","20.000","°C","100.000","%a.s.","22.080","deg","20.000","°C","976.000","hPa","0.861","-0.02617","0.00035","0","0","13.56","Humid","69.95","1","60.00","283937.36","SABD0001000008","AAV1.0.0.11","2.1.0.443","PSt7-10","171011-002","6/6/2018 8:55:32 AM","1443-01","0","no battery","V"
"07/10/2018","12:03:57","2","default","726512009","O2","14.372","min","206.940","μmol/L","Humid","20.498","deg","154050","µV","26.152","°C","1013.000","hPa","40.0","pmil","0","55.500","deg","20.000","°C","100.000","%a.s.","22.080","deg","20.000","°C","976.000","hPa","0.861","-0.02617","0.00035","0","0","13.56","Humid","69.95","1","60.00","283934.51","SABD0001000008","AAV1.0.0.11","2.1.0.443","PSt7-10","171011-002","6/6/2018 8:55:32 AM","1443-01","0","no battery","V"
"07/10/2018","12:03:58","2","default","726512009","O2","14.389","min","206.926","μmol/L","Humid","20.498","deg","154044","µV","26.154","°C","1013.000","hPa","40.0","pmil","0","55.500","deg","20.000","°C","100.000","%a.s.","22.080","deg","20.000","°C","976.000","hPa","0.861","-0.02617","0.00035","0","0","13.56","Humid","69.95","1","60.00","283926.45","SABD0001000008","AAV1.0.0.11","2.1.0.443","PSt7-10","171011-002","6/6/2018 8:55:32 AM","1443-01","0","no battery","V"
"07/10/2018","12:03:59","2","default","726512009","O2","14.405","min","206.909","μmol/L","Humid","20.499","deg","154061","µV","26.154","°C","1013.000","hPa","40.0","pmil","0","55.500","deg","20.000","°C","100.000","%a.s.","22.080","deg","20.000","°C","976.000","hPa","0.861","-0.02617","0.00035","0","0","13.56","Humid","69.95","1","60.00","283931.56","SABD0001000008","AAV1.0.0.11","2.1.0.443","PSt7-10","171011-002","6/6/2018 8:55:32 AM","1443-01","0","no battery","V"
"07/10/2018","12:04:00","2","default","726512009","O2","14.422","min","206.841","μmol/L","Humid","20.504","deg","154072","µV","26.150","°C","1013.000","hPa","40.0","pmil","0","55.500","deg","20.000","°C","100.000","%a.s.","22.080","deg","20.000","°C","976.000","hPa","0.861","-0.02617","0.00035","0","0","13.56","Humid","69.95","1","60.00","283930.94","SABD0001000008","AAV1.0.0.11","2.1.0.443","PSt7-10","171011-002","6/6/2018 8:55:32 AM","1443-01","0","no battery","V"
"07/10/2018","12:04:01","2","default","726512009","O2","14.439","min","206.829","μmol/L","Humid","20.503","deg","154063","µV","26.155","°C","1013.000","hPa","40.0","pmil","0","55.500","deg","20.000","°C","100.000","%a.s.","22.080","deg","20.000","°C","976.000","hPa","0.861","-0.02617","0.00035","0","0","13.56","Humid","69.95","1","60.00","283930.47","SABD0001000008","AAV1.0.0.11","2.1.0.443","PSt7-10","171011-002","6/6/2018 8:55:32 AM","1443-01","0","no battery","V"
"07/10/2018","12:04:02","2","default","726512009","O2","14.456","min","206.879","μmol/L","Humid","20.504","deg","154087","µV","26.143","°C","1013.000","hPa","40.0","pmil","0","55.500","deg","20.000","°C","100.000","%a.s.","22.080","deg","20.000","°C","976.000","hPa","0.861","-0.02617","0.00035","0","0","13.56","Humid","69.95","1","60.00","283930.04","SABD0001000008","AAV1.0.0.11","2.1.0.443","PSt7-10","171011-002","6/6/2018 8:55:32 AM","1443-01","0","no battery","V"
"07/10/2018","12:04:03","2","default","726512009","O2","14.472","min","206.887","μmol/L","Humid","20.505","deg","154088","µV","26.139","°C","1013.000","hPa","40.0","pmil","0","55.500","deg","20.000","°C","100.000","%a.s.","22.080","deg","20.000","°C","976.000","hPa","0.861","-0.02617","0.00035","0","0","13.56","Humid","69.95","1","60.00","283944.20","SABD0001000008","AAV1.0.0.11","2.1.0.443","PSt7-10","171011-002","6/6/2018 8:55:32 AM","1443-01","0","no battery","V"
"07/10/2018","12:04:04","2","default","726512009","O2","14.488","min","206.794","μmol/L","Humid","20.505","deg","154095","µV","26.154","°C","1013.000","hPa","40.0","pmil","0","55.500","deg","20.000","°C","100.000","%a.s.","22.080","deg","20.000","°C","976.000","hPa","0.861","-0.02617","0.00035","0","0","13.56","Humid","69.95","1","60.00","283934.12","SABD0001000008","AAV1.0.0.11","2.1.0.443","PSt7-10","171011-002","6/6/2018 8:55:32 AM","1443-01","0","no battery","V"
"07/10/2018","12:04:05","2","default","726512009","O2","14.506","min","206.883","μmol/L","Humid","20.506","deg","154108","µV","26.137","°C","1013.000","hPa","40.0","pmil","0","55.500","deg","20.000","°C","100.000","%a.s.","22.080","deg","20.000","°C","976.000","hPa","0.861","-0.02617","0.00035","0","0","13.56","Humid","69.95","1","60.00","283938.90","SABD0001000008","AAV1.0.0.11","2.1.0.443","PSt7-10","171011-002","6/6/2018 8:55:32 AM","1443-01","0","no battery","V"
"07/10/2018","12:04:06","2","default","726512009","O2","14.522","min","206.758","μmol/L","Humid","20.509","deg","154109","µV","26.148","°C","1013.000","hPa","40.0","pmil","0","55.500","deg","20.000","°C","100.000","%a.s.","22.080","deg","20.000","°C","976.000","hPa","0.861","-0.02617","0.00035","0","0","13.56","Humid","69.95","1","60.00","283920.50","SABD0001000008","AAV1.0.0.11","2.1.0.443","PSt7-10","171011-002","6/6/2018 8:55:32 AM","1443-01","0","no battery","V"
"07/10/2018","12:04:07","2","default","726512009","O2","14.539","min","206.685","μmol/L","Humid","20.507","deg","154125","µV","26.166","°C","1013.000","hPa","40.0","pmil","0","55.500","deg","20.000","°C","100.000","%a.s.","22.080","deg","20.000","°C","976.000","hPa","0.861","-0.02617","0.00035","0","0","13.56","Humid","69.95","1","60.00","283925.17","SABD0001000008","AAV1.0.0.11","2.1.0.443","PSt7-10","171011-002","6/6/2018 8:55:32 AM","1443-01","0","no battery","V"
"07/10/2018","12:04:08","2","default","726512009","O2","14.555","min","206.587","μmol/L","Humid","20.511","deg","154122","µV","26.170","°C","1013.000","hPa","40.0","pmil","0","55.500","deg","20.000","°C","100.000","%a.s.","22.080","deg","20.000","°C","976.000","hPa","0.861","-0.02617","0.00035","0","0","13.56","Humid","69.95","1","60.00","283923.76","SABD0001000008","AAV1.0.0.11","2.1.0.443","PSt7-10","171011-002","6/6/2018 8:55:32 AM","1443-01","0","no battery","V"
"07/10/2018","12:04:09","2","default","726512009","O2","14.572","min","206.636","μmol/L","Humid","20.508","deg","154144","µV","26.171","°C","1013.000","hPa","40.0","pmil","0","55.500","deg","20.000","°C","100.000","%a.s.","22.080","deg","20.000","°C","976.000","hPa","0.861","-0.02617","0.00035","0","0","13.56","Humid","69.95","1","60.00","283929.05","SABD0001000008","AAV1.0.0.11","2.1.0.443","PSt7-10","171011-002","6/6/2018 8:55:32 AM","1443-01","0","no battery","V"
"07/10/2018","12:04:10","2","default","726512009","O2","14.588","min","206.736","μmol/L","Humid","20.507","deg","154149","µV","26.158","°C","1013.000","hPa","40.0","pmil","0","55.500","deg","20.000","°C","100.000","%a.s.","22.080","deg","20.000","°C","976.000","hPa","0.861","-0.02617","0.00035","0","0","13.56","Humid","69.95","1","60.00","283928.34","SABD0001000008","AAV1.0.0.11","2.1.0.443","PSt7-10","171011-002","6/6/2018 8:55:32 AM","1443-01","0","no battery","V"
"07/10/2018","12:04:11","2","default","726512009","O2","14.605","min","206.668","μmol/L","Humid","20.512","deg","154149","µV","26.154","°C","1013.000","hPa","40.0","pmil","0","55.500","deg","20.000","°C","100.000","%a.s.","22.080","deg","20.000","°C","976.000","hPa","0.861","-0.02617","0.00035","0","0","13.56","Humid","69.95","1","60.00","283920.29","SABD0001000008","AAV1.0.0.11","2.1.0.443","PSt7-10","171011-002","6/6/2018 8:55:32 AM","1443-01","0","no battery","V"
"07/10/2018","12:04:12","2","default","726512009","O2","14.622","min","206.654","μmol/L","Humid","20.511","deg","154160","µV","26.159","°C","1013.000","hPa","40.0","pmil","0","55.500","deg","20.000","°C","100.000","%a.s.","22.080","deg","20.000","°C","976.000","hPa","0.861","-0.02617","0.00035","0","0","13.56","Humid","69.95","1","60.00","283925.50","SABD0001000008","AAV1.0.0.11","2.1.0.443","PSt7-10","171011-002","6/6/2018 8:55:32 AM","1443-01","0","no battery","V"
"07/10/2018","12:04:13","2","default","726512009","O2","14.638","min","206.542","μmol/L","Humid","20.512","deg","154168","µV","26.174","°C","1013.000","hPa","40.0","pmil","0","55.500","deg","20.000","°C","100.000","%a.s.","22.080","deg","20.000","°C","976.000","hPa","0.861","-0.02617","0.00035","0","0","13.56","Humid","69.95","1","60.00","283936.57","SABD0001000008","AAV1.0.0.11","2.1.0.443","PSt7-10","171011-002","6/6/2018 8:55:32 AM","1443-01","0","no battery","V"
"07/10/2018","12:04:14","2","default","726512009","O2","14.655","min","206.556","μmol/L","Humid","20.514","deg","154175","µV","26.166","°C","1013.000","hPa","40.0","pmil","0","55.500","deg","20.000","°C","100.000","%a.s.","22.080","deg","20.000","°C","976.000","hPa","0.861","-0.02617","0.00035","0","0","13.56","Humid","69.95","1","60.00","283929.79","SABD0001000008","AAV1.0.0.11","2.1.0.443","PSt7-10","171011-002","6/6/2018 8:55:32 AM","1443-01","0","no battery","V"
"07/10/2018","12:04:15","2","default","726512009","O2","14.672","min","206.747","μmol/L","Humid","20.508","deg","154187","µV","26.153","°C","1013.000","hPa","40.0","pmil","0","55.500","deg","20.000","°C","100.000","%a.s.","22.080","deg","20.000","°C","976.000","hPa","0.861","-0.02617","0.00035","0","0","13.56","Humid","69.95","1","60.00","283935.35","SABD0001000008","AAV1.0.0.11","2.1.0.443","PSt7-10","171011-002","6/6/2018 8:55:32 AM","1443-01","0","no battery","V"
"07/10/2018","12:04:16","2","default","726512009","O2","14.688","min","206.596","μmol/L","Humid","20.516","deg","154195","µV","26.153","°C","1013.000","hPa","40.0","pmil","0","55.500","deg","20.000","°C","100.000","%a.s.","22.080","deg","20.000","°C","976.000","hPa","0.861","-0.02617","0.00035","0","0","13.56","Humid","69.95","1","60.00","283933.70","SABD0001000008","AAV1.0.0.11","2.1.0.443","PSt7-10","171011-002","6/6/2018 8:55:32 AM","1443-01","0","no battery","V"
"07/10/2018","12:04:17","2","default","726512009","O2","14.705","min","206.460","μmol/L","Humid","20.515","deg","154192","µV","26.179","°C","1013.000","hPa","40.0","pmil","0","55.500","deg","20.000","°C","100.000","%a.s.","22.080","deg","20.000","°C","976.000","hPa","0.861","-0.02617","0.00035","0","0","13.56","Humid","69.95","1","60.00","283929.52","SABD0001000008","AAV1.0.0.11","2.1.0.443","PSt7-10","171011-002","6/6/2018 8:55:32 AM","1443-01","0","no battery","V"
"07/10/2018","12:04:18","2","default","726512009","O2","14.722","min","206.448","μmol/L","Humid","20.519","deg","154205","µV","26.168","°C","1013.000","hPa","40.0","pmil","0","55.500","deg","20.000","°C","100.000","%a.s.","22.080","deg","20.000","°C","976.000","hPa","0.861","-0.02617","0.00035","0","0","13.56","Humid","69.95","1","60.00","283931.93","SABD0001000008","AAV1.0.0.11","2.1.0.443","PSt7-10","171011-002","6/6/2018 8:55:32 AM","1443-01","0","no battery","V"
"07/10/2018","12:04:19","2","default","726512009","O2","14.738","min","206.517","μmol/L","Humid","20.517","deg","154215","µV","26.163","°C","1013.000","hPa","40.0","pmil","0","55.500","deg","20.000","°C","100.000","%a.s.","22.080","deg","20.000","°C","976.000","hPa","0.861","-0.02617","0.00035","0","0","13.56","Humid","69.95","1","60.00","283916.81","SABD0001000008","AAV1.0.0.11","2.1.0.443","PSt7-10","171011-002","6/6/2018 8:55:32 AM","1443-01","0","no battery","V"
"07/10/2018","12:04:20","2","default","726512009","O2","14.756","min","206.609","μmol/L","Humid","20.516","deg","154219","µV","26.151","°C","1013.000","hPa","40.0","pmil","0","55.500","deg","20.000","°C","100.000","%a.s.","22.080","deg","20.000","°C","976.000","hPa","0.861","-0.02617","0.00035","0","0","13.56","Humid","69.95","1","60.00","283918.24","SABD0001000008","AAV1.0.0.11","2.1.0.443","PSt7-10","171011-002","6/6/2018 8:55:32 AM","1443-01","0","no battery","V"
"07/10/2018","12:04:21","2","default","726512009","O2","14.772","min","206.499","μmol/L","Humid","20.519","deg","154225","µV","26.160","°C","1013.000","hPa","40.0","pmil","0","55.500","deg","20.000","°C","100.000","%a.s.","22.080","deg","20.000","°C","976.000","hPa","0.861","-0.02617","0.00035","0","0","13.56","Humid","69.95","1","60.00","283923.88","SABD0001000008","AAV1.0.0.11","2.1.0.443","PSt7-10","171011-002","6/6/2018 8:55:32 AM","1443-01","0","no battery","V"
"07/10/2018","12:04:22","2","default","726512009","O2","14.788","min","206.537","μmol/L","Humid","20.518","deg","154231","µV","26.157","°C","1013.000","hPa","40.0","pmil","0","55.500","deg","20.000","°C","100.000","%a.s.","22.080","deg","20.000","°C","976.000","hPa","0.861","-0.02617","0.00035","0","0","13.56","Humid","69.95","1","60.00","283924.58","SABD0001000008","AAV1.0.0.11","2.1.0.443","PSt7-10","171011-002","6/6/2018 8:55:32 AM","1443-01","0","no battery","V"
"07/10/2018","12:04:23","2","default","726512009","O2","14.805","min","206.457","μmol/L","Humid","20.523","deg","154234","µV","26.155","°C","1013.000","hPa","40.0","pmil","0","55.500","deg","20.000","°C","100.000","%a.s.","22.080","deg","20.000","°C","976.000","hPa","0.861","-0.02617","0.00035","0","0","13.56","Humid","69.95","1","60.00","283923.08","SABD0001000008","AAV1.0.0.11","2.1.0.443","PSt7-10","171011-002","6/6/2018 8:55:32 AM","1443-01","0","no battery","V"
"07/10/2018","12:04:24","2","default","726512009","O2","14.822","min","206.482","μmol/L","Humid","20.521","deg","154246","µV","26.157","°C","1013.000","hPa","40.0","pmil","0","55.500","deg","20.000","°C","100.000","%a.s.","22.080","deg","20.000","°C","976.000","hPa","0.861","-0.02617","0.00035","0","0","13.56","Humid","69.95","1","60.00","283937.09","SABD0001000008","AAV1.0.0.11","2.1.0.443","PSt7-10","171011-002","6/6/2018 8:55:32 AM","1443-01","0","no battery","V"
"07/10/2018","12:04:25","2","default","726512009","O2","14.838","min","206.491","μmol/L","Humid","20.520","deg","154246","µV","26.158","°C","1013.000","hPa","40.0","pmil","0","55.500","deg","20.000","°C","100.000","%a.s.","22.080","deg","20.000","°C","976.000","hPa","0.861","-0.02617","0.00035","0","0","13.56","Humid","69.95","1","60.00","283928.35","SABD0001000008","AAV1.0.0.11","2.1.0.443","PSt7-10","171011-002","6/6/2018 8:55:32 AM","1443-01","0","no battery","V"
"07/10/2018","12:04:26","2","default","726512009","O2","14.856","min","206.297","μmol/L","Humid","20.524","deg","154257","µV","26.178","°C","1013.000","hPa","40.0","pmil","0","55.500","deg","20.000","°C","100.000","%a.s.","22.080","deg","20.000","°C","976.000","hPa","0.861","-0.02617","0.00035","0","0","13.56","Humid","69.95","1","60.00","283930.90","SABD0001000008","AAV1.0.0.11","2.1.0.443","PSt7-10","171011-002","6/6/2018 8:55:32 AM","1443-01","0","no battery","V"
"07/10/2018","12:04:27","2","default","726512009","O2","14.872","min","206.318","μmol/L","Humid","20.523","deg","154258","µV","26.178","°C","1013.000","hPa","40.0","pmil","0","55.500","deg","20.000","°C","100.000","%a.s.","22.080","deg","20.000","°C","976.000","hPa","0.861","-0.02617","0.00035","0","0","13.56","Humid","69.95","1","60.00","283918.74","SABD0001000008","AAV1.0.0.11","2.1.0.443","PSt7-10","171011-002","6/6/2018 8:55:32 AM","1443-01","0","no battery","V"
"07/10/2018","12:04:28","2","default","726512009","O2","14.888","min","206.383","μmol/L","Humid","20.524","deg","154270","µV","26.164","°C","1013.000","hPa","40.0","pmil","0","55.500","deg","20.000","°C","100.000","%a.s.","22.080","deg","20.000","°C","976.000","hPa","0.861","-0.02617","0.00035","0","0","13.56","Humid","69.95","1","60.00","283940.78","SABD0001000008","AAV1.0.0.11","2.1.0.443","PSt7-10","171011-002","6/6/2018 8:55:32 AM","1443-01","0","no battery","V"
"07/10/2018","12:04:29","2","default","726512009","O2","14.905","min","206.222","μmol/L","Humid","20.527","deg","154275","µV","26.181","°C","1013.000","hPa","40.0","pmil","0","55.500","deg","20.000","°C","100.000","%a.s.","22.080","deg","20.000","°C","976.000","hPa","0.861","-0.02617","0.00035","0","0","13.56","Humid","69.95","1","60.00","283922.68","SABD0001000008","AAV1.0.0.11","2.1.0.443","PSt7-10","171011-002","6/6/2018 8:55:32 AM","1443-01","0","no battery","V"
"07/10/2018","12:04:30","2","default","726512009","O2","14.922","min","206.200","μmol/L","Humid","20.529","deg","154291","µV","26.179","°C","1013.000","hPa","40.0","pmil","0","55.500","deg","20.000","°C","100.000","%a.s.","22.080","deg","20.000","°C","976.000","hPa","0.861","-0.02617","0.00035","0","0","13.56","Humid","69.95","1","60.00","283941.00","SABD0001000008","AAV1.0.0.11","2.1.0.443","PSt7-10","171011-002","6/6/2018 8:55:32 AM","1443-01","0","no battery","V"
"07/10/2018","12:04:31","2","default","726512009","O2","14.939","min","206.236","μmol/L","Humid","20.530","deg","154298","µV","26.170","°C","1013.000","hPa","40.0","pmil","0","55.500","deg","20.000","°C","100.000","%a.s.","22.080","deg","20.000","°C","976.000","hPa","0.861","-0.02617","0.00035","0","0","13.56","Humid","69.95","1","60.00","283920.81","SABD0001000008","AAV1.0.0.11","2.1.0.443","PSt7-10","171011-002","6/6/2018 8:55:32 AM","1443-01","0","no battery","V"
"07/10/2018","12:04:32","2","default","726512009","O2","14.956","min","206.261","μmol/L","Humid","20.528","deg","154308","µV","26.172","°C","1013.000","hPa","40.0","pmil","0","55.500","deg","20.000","°C","100.000","%a.s.","22.080","deg","20.000","°C","976.000","hPa","0.861","-0.02617","0.00035","0","0","13.56","Humid","69.95","1","60.00","283918.08","SABD0001000008","AAV1.0.0.11","2.1.0.443","PSt7-10","171011-002","6/6/2018 8:55:32 AM","1443-01","0","no battery","V"
"07/10/2018","12:04:33","2","default","726512009","O2","14.972","min","206.276","μmol/L","Humid","20.526","deg","154313","µV","26.175","°C","1013.000","hPa","40.0","pmil","0","55.500","deg","20.000","°C","100.000","%a.s.","22.080","deg","20.000","°C","976.000","hPa","0.861","-0.02617","0.00035","0","0","13.56","Humid","69.95","1","60.00","283922.56","SABD0001000008","AAV1.0.0.11","2.1.0.443","PSt7-10","171011-002","6/6/2018 8:55:32 AM","1443-01","0","no battery","V"
"07/10/2018","12:04:34","2","default","726512009","O2","14.989","min","206.211","μmol/L","Humid","20.531","deg","154320","µV","26.171","°C","1013.000","hPa","40.0","pmil","0","55.500","deg","20.000","°C","100.000","%a.s.","22.080","deg","20.000","°C","976.000","hPa","0.861","-0.02617","0.00035","0","0","13.56","Humid","69.95","1","60.00","283916.72","SABD0001000008","AAV1.0.0.11","2.1.0.443","PSt7-10","171011-002","6/6/2018 8:55:32 AM","1443-01","0","no battery","V"
"07/10/2018","12:04:35","2","default","726512009","O2","15.005","min","206.258","μmol/L","Humid","20.529","deg","154331","µV","26.169","°C","1013.000","hPa","40.0","pmil","0","55.500","deg","20.000","°C","100.000","%a.s.","22.080","deg","20.000","°C","976.000","hPa","0.861","-0.02617","0.00035","0","0","13.56","Humid","69.95","1","60.00","283918.98","SABD0001000008","AAV1.0.0.11","2.1.0.443","PSt7-10","171011-002","6/6/2018 8:55:32 AM","1443-01","0","no battery","V"
"07/10/2018","12:04:36","2","default","726512009","O2","15.022","min","206.155","μmol/L","Humid","20.534","deg","154332","µV","26.171","°C","1013.000","hPa","40.0","pmil","0","55.500","deg","20.000","°C","100.000","%a.s.","22.080","deg","20.000","°C","976.000","hPa","0.861","-0.02617","0.00035","0","0","13.56","Humid","69.95","1","60.00","283914.35","SABD0001000008","AAV1.0.0.11","2.1.0.443","PSt7-10","171011-002","6/6/2018 8:55:32 AM","1443-01","0","no battery","V"
"07/10/2018","12:04:37","2","default","726512009","O2","15.039","min","206.121","μmol/L","Humid","20.535","deg","154348","µV","26.173","°C","1013.000","hPa","40.0","pmil","0","55.500","deg","20.000","°C","100.000","%a.s.","22.080","deg","20.000","°C","976.000","hPa","0.861","-0.02617","0.00035","0","0","13.56","Humid","69.95","1","60.00","283915.48","SABD0001000008","AAV1.0.0.11","2.1.0.443","PSt7-10","171011-002","6/6/2018 8:55:32 AM","1443-01","0","no battery","V"
"07/10/2018","12:04:38","2","default","726512009","O2","15.055","min","206.216","μmol/L","Humid","20.534","deg","154347","µV","26.161","°C","1013.000","hPa","40.0","pmil","0","55.500","deg","20.000","°C","100.000","%a.s.","22.080","deg","20.000","°C","976.000","hPa","0.861","-0.02617","0.00035","0","0","13.56","Humid","69.95","1","60.00","283930.17","SABD0001000008","AAV1.0.0.11","2.1.0.443","PSt7-10","171011-002","6/6/2018 8:55:32 AM","1443-01","0","no battery","V"
"07/10/2018","12:04:39","2","default","726512009","O2","15.072","min","206.156","μmol/L","Humid","20.536","deg","154360","µV","26.165","°C","1013.000","hPa","40.0","pmil","0","55.500","deg","20.000","°C","100.000","%a.s.","22.080","deg","20.000","°C","976.000","hPa","0.861","-0.02617","0.00035","0","0","13.56","Humid","69.95","1","60.00","283938.57","SABD0001000008","AAV1.0.0.11","2.1.0.443","PSt7-10","171011-002","6/6/2018 8:55:32 AM","1443-01","0","no battery","V"
"07/10/2018","12:04:40","2","default","726512009","O2","15.089","min","206.068","μmol/L","Humid","20.538","deg","154372","µV","26.173","°C","1013.000","hPa","40.0","pmil","0","55.500","deg","20.000","°C","100.000","%a.s.","22.080","deg","20.000","°C","976.000","hPa","0.861","-0.02617","0.00035","0","0","13.56","Humid","69.95","1","60.00","283920.09","SABD0001000008","AAV1.0.0.11","2.1.0.443","PSt7-10","171011-002","6/6/2018 8:55:32 AM","1443-01","0","no battery","V"
"07/10/2018","12:04:41","2","default","726512009","O2","15.105","min","206.128","μmol/L","Humid","20.537","deg","154372","µV","26.166","°C","1013.000","hPa","40.0","pmil","0","55.500","deg","20.000","°C","100.000","%a.s.","22.080","deg","20.000","°C","976.000","hPa","0.861","-0.02617","0.00035","0","0","13.56","Humid","69.95","1","60.00","283923.68","SABD0001000008","AAV1.0.0.11","2.1.0.443","PSt7-10","171011-002","6/6/2018 8:55:32 AM","1443-01","0","no battery","V"
"07/10/2018","12:04:42","2","default","726512009","O2","15.122","min","206.015","μmol/L","Humid","20.538","deg","154393","µV","26.182","°C","1013.000","hPa","40.0","pmil","0","55.500","deg","20.000","°C","100.000","%a.s.","22.080","deg","20.000","°C","976.000","hPa","0.861","-0.02617","0.00035","0","0","13.56","Humid","69.95","1","60.00","283918.70","SABD0001000008","AAV1.0.0.11","2.1.0.443","PSt7-10","171011-002","6/6/2018 8:55:32 AM","1443-01","0","no battery","V"
"07/10/2018","12:04:43","2","default","726512009","O2","15.139","min","206.130","μmol/L","Humid","20.538","deg","154389","µV","26.163","°C","1013.000","hPa","40.0","pmil","0","55.500","deg","20.000","°C","100.000","%a.s.","22.080","deg","20.000","°C","976.000","hPa","0.861","-0.02617","0.00035","0","0","13.56","Humid","69.95","1","60.00","283914.83","SABD0001000008","AAV1.0.0.11","2.1.0.443","PSt7-10","171011-002","6/6/2018 8:55:32 AM","1443-01","0","no battery","V"
"07/10/2018","12:04:44","2","default","726512009","O2","15.155","min","205.966","μmol/L","Humid","20.543","deg","154399","µV","26.175","°C","1013.000","hPa","40.0","pmil","0","55.500","deg","20.000","°C","100.000","%a.s.","22.080","deg","20.000","°C","976.000","hPa","0.861","-0.02617","0.00035","0","0","13.56","Humid","69.95","1","60.00","283921.80","SABD0001000008","AAV1.0.0.11","2.1.0.443","PSt7-10","171011-002","6/6/2018 8:55:32 AM","1443-01","0","no battery","V"
"07/10/2018","12:04:45","2","default","726512009","O2","15.172","min","205.959","μmol/L","Humid","20.541","deg","154409","µV","26.182","°C","1013.000","hPa","40.0","pmil","0","55.500","deg","20.000","°C","100.000","%a.s.","22.080","deg","20.000","°C","976.000","hPa","0.861","-0.02617","0.00035","0","0","13.56","Humid","69.95","1","60.00","283922.23","SABD0001000008","AAV1.0.0.11","2.1.0.443","PSt7-10","171011-002","6/6/2018 8:55:32 AM","1443-01","0","no battery","V"
"07/10/2018","12:04:46","2","default","726512009","O2","15.189","min","205.941","μmol/L","Humid","20.540","deg","154414","µV","26.188","°C","1013.000","hPa","40.0","pmil","0","55.500","deg","20.000","°C","100.000","%a.s.","22.080","deg","20.000","°C","976.000","hPa","0.861","-0.02617","0.00035","0","0","13.56","Humid","69.95","1","60.00","283925.58","SABD0001000008","AAV1.0.0.11","2.1.0.443","PSt7-10","171011-002","6/6/2018 8:55:32 AM","1443-01","0","no battery","V"
"07/10/2018","12:04:47","2","default","726512009","O2","15.205","min","205.802","μmol/L","Humid","20.544","deg","154415","µV","26.199","°C","1013.000","hPa","40.0","pmil","0","55.500","deg","20.000","°C","100.000","%a.s.","22.080","deg","20.000","°C","976.000","hPa","0.861","-0.02617","0.00035","0","0","13.56","Humid","69.95","1","60.00","283924.41","SABD0001000008","AAV1.0.0.11","2.1.0.443","PSt7-10","171011-002","6/6/2018 8:55:32 AM","1443-01","0","no battery","V"
"07/10/2018","12:04:48","2","default","726512009","O2","15.222","min","206.020","μmol/L","Humid","20.541","deg","154430","µV","26.172","°C","1013.000","hPa","40.0","pmil","0","55.500","deg","20.000","°C","100.000","%a.s.","22.080","deg","20.000","°C","976.000","hPa","0.861","-0.02617","0.00035","0","0","13.56","Humid","69.95","1","60.00","283940.42","SABD0001000008","AAV1.0.0.11","2.1.0.443","PSt7-10","171011-002","6/6/2018 8:55:32 AM","1443-01","0","no battery","V"
"07/10/2018","12:04:49","2","default","726512009","O2","15.239","min","205.940","μmol/L","Humid","20.545","deg","154441","µV","26.173","°C","1013.000","hPa","40.0","pmil","0","55.500","deg","20.000","°C","100.000","%a.s.","22.080","deg","20.000","°C","976.000","hPa","0.861","-0.02617","0.00035","0","0","13.56","Humid","69.95","1","60.00","283923.93","SABD0001000008","AAV1.0.0.11","2.1.0.443","PSt7-10","171011-002","6/6/2018 8:55:32 AM","1443-01","0","no battery","V"
"07/10/2018","12:04:50","2","default","726512009","O2","15.255","min","205.919","μmol/L","Humid","20.542","deg","154433","µV","26.185","°C","1013.000","hPa","40.0","pmil","0","55.500","deg","20.000","°C","100.000","%a.s.","22.080","deg","20.000","°C","976.000","hPa","0.861","-0.02617","0.00035","0","0","13.56","Humid","69.95","1","60.00","283920.37","SABD0001000008","AAV1.0.0.11","2.1.0.443","PSt7-10","171011-002","6/6/2018 8:55:32 AM","1443-01","0","no battery","V"
"07/10/2018","12:04:51","2","default","726512009","O2","15.272","min","205.782","μmol/L","Humid","20.547","deg","154451","µV","26.193","°C","1013.000","hPa","40.0","pmil","0","55.500","deg","20.000","°C","100.000","%a.s.","22.080","deg","20.000","°C","976.000","hPa","0.861","-0.02617","0.00035","0","0","13.56","Humid","69.95","1","60.00","283924.08","SABD0001000008","AAV1.0.0.11","2.1.0.443","PSt7-10","171011-002","6/6/2018 8:55:32 AM","1443-01","0","no battery","V"
"07/10/2018","12:04:52","2","default","726512009","O2","15.289","min","205.789","μmol/L","Humid","20.548","deg","154461","µV","26.188","°C","1013.000","hPa","40.0","pmil","0","55.500","deg","20.000","°C","100.000","%a.s.","22.080","deg","20.000","°C","976.000","hPa","0.861","-0.02617","0.00035","0","0","13.56","Humid","69.95","1","60.00","283924.74","SABD0001000008","AAV1.0.0.11","2.1.0.443","PSt7-10","171011-002","6/6/2018 8:55:32 AM","1443-01","0","no battery","V"
"07/10/2018","12:04:53","2","default","726512009","O2","15.305","min","205.774","μmol/L","Humid","20.547","deg","154456","µV","26.194","°C","1013.000","hPa","40.0","pmil","0","55.500","deg","20.000","°C","100.000","%a.s.","22.080","deg","20.000","°C","976.000","hPa","0.861","-0.02617","0.00035","0","0","13.56","Humid","69.95","1","60.00","283936.29","SABD0001000008","AAV1.0.0.11","2.1.0.443","PSt7-10","171011-002","6/6/2018 8:55:32 AM","1443-01","0","no battery","V"
"07/10/2018","12:04:54","2","default","726512009","O2","15.322","min","205.850","μmol/L","Humid","20.548","deg","154475","µV","26.178","°C","1013.000","hPa","40.0","pmil","0","55.500","deg","20.000","°C","100.000","%a.s.","22.080","deg","20.000","°C","976.000","hPa","0.861","-0.02617","0.00035","0","0","13.56","Humid","69.95","1","60.00","283934.99","SABD0001000008","AAV1.0.0.11","2.1.0.443","PSt7-10","171011-002","6/6/2018 8:55:32 AM","1443-01","0","no battery","V"
"07/10/2018","12:04:55","2","default","726512009","O2","15.339","min","205.756","μmol/L","Humid","20.550","deg","154476","µV","26.188","°C","1013.000","hPa","40.0","pmil","0","55.500","deg","20.000","°C","100.000","%a.s.","22.080","deg","20.000","°C","976.000","hPa","0.861","-0.02617","0.00035","0","0","13.56","Humid","69.95","1","60.00","283931.58","SABD0001000008","AAV1.0.0.11","2.1.0.443","PSt7-10","171011-002","6/6/2018 8:55:32 AM","1443-01","0","no battery","V"
"07/10/2018","12:04:56","2","default","726512009","O2","15.356","min","205.652","μmol/L","Humid","20.554","deg","154497","µV","26.193","°C","1013.000","hPa","40.0","pmil","0","55.500","deg","20.000","°C","100.000","%a.s.","22.080","deg","20.000","°C","976.000","hPa","0.861","-0.02617","0.00035","0","0","13.56","Humid","69.95","1","60.00","283928.62","SABD0001000008","AAV1.0.0.11","2.1.0.443","PSt7-10","171011-002","6/6/2018 8:55:32 AM","1443-01","0","no battery","V"

"Date","Time","delta_t","Device_Serial","Channel","User","Annotation"
