"PreSens Measurement Studio 2","2.1.0.443",""
"Date","Time","Channel","User","SensorID","Sensor_Name","delta_t","Time_Unit","Value","O2_Unit","Mode","Phase","Phase_Unit","Amplitude","Amplitude_Unit","Temp","Temp_Unit","Pressure","Pressure_Unit","Salinity","Salinity_Unit","Error","Cal0","Cal0_Unit","T0","T0_Unit","O2Cal2nd","O2_Unit","Cal2nd","Cal2nd_Unit","T2nd","T2nd_Unit","CalPressure","CalPressure_Unit","f1","dPhi1","dkSv1","dPhi2","dkSv2","m","Cal_Mode","SignalLEDCurrent","User_Signal_Intensity","ReferenceLEDCurrent","Reference_Amplitude","Device_Serial","FwVersion","SwVersion","Sensor_Type","BatchID","Calibration_Date","Sensor_Lot","PreSens_Calibr","Battery_Voltage","Battery_Voltage_Unit"
"08/07/2018","15:16:25","4","default","90137121","O4","0.000","min","197.841","μmol/L","Humid","20.516","deg","122768","µV","27.942","°C","1011.000","hPa","39.0","pmil","0","55.550","deg","20.000","°C","100.000","%a.s.","22.120","deg","20.000","°C","976.000","hPa","0.861","-0.02617","0.00035","0","0","13.56","Humid","66.00","1","45.00","443562.38","SABD0001000008","AAV1.0.0.11","2.1.0.443","PSt7-10","171011-004","6/6/2018 9:03:33 AM","1443-01","0","no battery","V"
"08/07/2018","15:16:26","4","default","90137121","O4","0.015","min","197.886","μmol/L","Humid","20.515","deg","122732","µV","27.938","°C","1011.000","hPa","39.0","pmil","0","55.550","deg","20.000","°C","100.000","%a.s.","22.120","deg","20.000","°C","976.000","hPa","0.861","-0.02617","0.00035","0","0","13.56","Humid","66.00","1","45.00","443480.10","SABD0001000008","AAV1.0.0.11","2.1.0.443","PSt7-10","171011-004","6/6/2018 9:03:33 AM","1443-01","0","no battery","V"
"08/07/2018","15:16:27","4","default","90137121","O4","0.032","min","197.877","μmol/L","Humid","20.519","deg","122709","µV","27.928","°C","1011.000","hPa","39.0","pmil","0","55.550","deg","20.000","°C","100.000","%a.s.","22.120","deg","20.000","°C","976.000","hPa","0.861","-0.02617","0.00035","0","0","13.56","Humid","66.00","1","45.00","443442.35","SABD0001000008","AAV1.0.0.11","2.1.0.443","PSt7-10","171011-004","6/6/2018 9:03:33 AM","1443-01","0","no battery","V"
"08/07/2018","15:16:28","4","default","90137121","O4","0.049","min","197.822","μmol/L","Humid","20.519","deg","122704","µV","27.937","°C","1011.000","hPa","39.0","pmil","0","55.550","deg","20.000","°C","100.000","%a.s.","22.120","deg","20.000","°C","976.000","hPa","0.861","-0.02617","0.00035","0","0","13.56","Humid","66.00","1","45.00","443430.78","SABD0001000008","AAV1.0.0.11","2.1.0.443","PSt7-10","171011-004","6/6/2018 9:03:33 AM","1443-01","0","no battery","V"
"08/07/2018","15:16:29","4","default","90137121","O4","0.065","min","197.916","μmol/L","Humid","20.518","deg","122695","µV","27.924","°C","1011.000","hPa","39.0","pmil","0","55.550","deg","20.000","°C","100.000","%a.s.","22.120","deg","20.000","°C","976.000","hPa","0.861","-0.02617","0.00035","0","0","13.56","Humid","66.00","1","45.00","443406.22","SABD0001000008","AAV1.0.0.11","2.1.0.443","PSt7-10","171011-004","6/6/2018 9:03:33 AM","1443-01","0","no battery","V"
"08/07/2018","15:16:30","4","default","90137121","O4","0.082","min","197.710","μmol/L","Humid","20.524","deg","122693","µV","27.941","°C","1011.000","hPa","39.0","pmil","0","55.550","deg","20.000","°C","100.000","%a.s.","22.120","deg","20.000","°C","976.000","hPa","0.861","-0.02617","0.00035","0","0","13.56","Humid","66.00","1","45.00","443403.17","SABD0001000008","AAV1.0.0.11","2.1.0.443","PSt7-10","171011-004","6/6/2018 9:03:33 AM","1443-01","0","no battery","V"
"08/07/2018","15:16:31","4","default","90137121","O4","0.098","min","197.755","μmol/L","Humid","20.522","deg","122684","µV","27.939","°C","1011.000","hPa","39.0","pmil","0","55.550","deg","20.000","°C","100.000","%a.s.","22.120","deg","20.000","°C","976.000","hPa","0.861","-0.02617","0.00035","0","0","13.56","Humid","66.00","1","45.00","443402.30","SABD0001000008","AAV1.0.0.11","2.1.0.443","PSt7-10","171011-004","6/6/2018 9:03:33 AM","1443-01","0","no battery","V"
"08/07/2018","15:16:32","4","default","90137121","O4","0.115","min","197.830","μmol/L","Humid","20.524","deg","122689","µV","27.920","°C","1011.000","hPa","39.0","pmil","0","55.550","deg","20.000","°C","100.000","%a.s.","22.120","deg","20.000","°C","976.000","hPa","0.861","-0.02617","0.00035","0","0","13.56","Humid","66.00","1","45.00","443388.03","SABD0001000008","AAV1.0.0.11","2.1.0.443","PSt7-10","171011-004","6/6/2018 9:03:33 AM","1443-01","0","no battery","V"
"08/07/2018","15:16:33","4","default","90137121","O4","0.133","min","197.737","μmol/L","Humid","20.524","deg","122690","µV","27.936","°C","1011.000","hPa","39.0","pmil","0","55.550","deg","20.000","°C","100.000","%a.s.","22.120","deg","20.000","°C","976.000","hPa","0.861","-0.02617","0.00035","0","0","13.56","Humid","66.00","1","45.00","443384.29","SABD0001000008","AAV1.0.0.11","2.1.0.443","PSt7-10","171011-004","6/6/2018 9:03:33 AM","1443-01","0","no battery","V"
"08/07/2018","15:16:34","4","default","90137121","O4","0.150","min","197.802","μmol/L","Humid","20.523","deg","122692","µV","27.928","°C","1011.000","hPa","39.0","pmil","0","55.550","deg","20.000","°C","100.000","%a.s.","22.120","deg","20.000","°C","976.000","hPa","0.861","-0.02617","0.00035","0","0","13.56","Humid","66.00","1","45.00","443378.63","SABD0001000008","AAV1.0.0.11","2.1.0.443","PSt7-10","171011-004","6/6/2018 9:03:33 AM","1443-01","0","no battery","V"
"08/07/2018","15:16:35","4","default","90137121","O4","0.166","min","197.713","μmol/L","Humid","20.530","deg","122686","µV","27.922","°C","1011.000","hPa","39.0","pmil","0","55.550","deg","20.000","°C","100.000","%a.s.","22.120","deg","20.000","°C","976.000","hPa","0.861","-0.02617","0.00035","0","0","13.56","Humid","66.00","1","45.00","443365.25","SABD0001000008","AAV1.0.0.11","2.1.0.443","PSt7-10","171011-004","6/6/2018 9:03:33 AM","1443-01","0","no battery","V"
"08/07/2018","15:16:36","4","default","90137121","O4","0.182","min","197.738","μmol/L","Humid","20.526","deg","122692","µV","27.930","°C","1011.000","hPa","39.0","pmil","0","55.550","deg","20.000","°C","100.000","%a.s.","22.120","deg","20.000","°C","976.000","hPa","0.861","-0.02617","0.00035","0","0","13.56","Humid","66.00","1","45.00","443369.53","SABD0001000008","AAV1.0.0.11","2.1.0.443","PSt7-10","171011-004","6/6/2018 9:03:33 AM","1443-01","0","no battery","V"
"08/07/2018","15:16:37","4","default","90137121","O4","0.200","min","197.745","μmol/L","Humid","20.530","deg","122694","µV","27.917","°C","1011.000","hPa","39.0","pmil","0","55.550","deg","20.000","°C","100.000","%a.s.","22.120","deg","20.000","°C","976.000","hPa","0.861","-0.02617","0.00035","0","0","13.56","Humid","66.00","1","45.00","443372.73","SABD0001000008","AAV1.0.0.11","2.1.0.443","PSt7-10","171011-004","6/6/2018 9:03:33 AM","1443-01","0","no battery","V"
"08/07/2018","15:16:38","4","default","90137121","O4","0.216","min","197.670","μmol/L","Humid","20.530","deg","122692","µV","27.929","°C","1011.000","hPa","39.0","pmil","0","55.550","deg","20.000","°C","100.000","%a.s.","22.120","deg","20.000","°C","976.000","hPa","0.861","-0.02617","0.00035","0","0","13.56","Humid","66.00","1","45.00","443368.94","SABD0001000008","AAV1.0.0.11","2.1.0.443","PSt7-10","171011-004","6/6/2018 9:03:33 AM","1443-01","0","no battery","V"
"08/07/2018","15:16:39","4","default","90137121","O4","0.232","min","197.623","μmol/L","Humid","20.530","deg","122700","µV","27.937","°C","1011.000","hPa","39.0","pmil","0","55.550","deg","20.000","°C","100.000","%a.s.","22.120","deg","20.000","°C","976.000","hPa","0.861","-0.02617","0.00035","0","0","13.56","Humid","66.00","1","45.00","443345.17","SABD0001000008","AAV1.0.0.11","2.1.0.443","PSt7-10","171011-004","6/6/2018 9:03:33 AM","1443-01","0","no battery","V"
"08/07/2018","15:16:40","4","default","90137121","O4","0.249","min","197.565","μmol/L","Humid","20.534","deg","122699","µV","27.935","°C","1011.000","hPa","39.0","pmil","0","55.550","deg","20.000","°C","100.000","%a.s.","22.120","deg","20.000","°C","976.000","hPa","0.861","-0.02617","0.00035","0","0","13.56","Humid","66.00","1","45.00","443345.51","SABD0001000008","AAV1.0.0.11","2.1.0.443","PSt7-10","171011-004","6/6/2018 9:03:33 AM","1443-01","0","no battery","V"
"08/07/2018","15:16:41","4","default","90137121","O4","0.265","min","197.469","μmol/L","Humid","20.538","deg","122695","µV","27.939","°C","1011.000","hPa","39.0","pmil","0","55.550","deg","20.000","°C","100.000","%a.s.","22.120","deg","20.000","°C","976.000","hPa","0.861","-0.02617","0.00035","0","0","13.56","Humid","66.00","1","45.00","443332.57","SABD0001000008","AAV1.0.0.11","2.1.0.443","PSt7-10","171011-004","6/6/2018 9:03:33 AM","1443-01","0","no battery","V"
"08/07/2018","15:16:42","4","default","90137121","O4","0.282","min","197.543","μmol/L","Humid","20.536","deg","122704","µV","27.933","°C","1011.000","hPa","39.0","pmil","0","55.550","deg","20.000","°C","100.000","%a.s.","22.120","deg","20.000","°C","976.000","hPa","0.861","-0.02617","0.00035","0","0","13.56","Humid","66.00","1","45.00","443356.77","SABD0001000008","AAV1.0.0.11","2.1.0.443","PSt7-10","171011-004","6/6/2018 9:03:33 AM","1443-01","0","no battery","V"
"08/07/2018","15:16:43","4","default","90137121","O4","0.299","min","197.573","μmol/L","Humid","20.536","deg","122709","µV","27.928","°C","1011.000","hPa","39.0","pmil","0","55.550","deg","20.000","°C","100.000","%a.s.","22.120","deg","20.000","°C","976.000","hPa","0.861","-0.02617","0.00035","0","0","13.56","Humid","66.00","1","45.00","443345.79","SABD0001000008","AAV1.0.0.11","2.1.0.443","PSt7-10","171011-004","6/6/2018 9:03:33 AM","1443-01","0","no battery","V"
"08/07/2018","15:16:44","4","default","90137121","O4","0.316","min","197.473","μmol/L","Humid","20.539","deg","122722","µV","27.936","°C","1011.000","hPa","39.0","pmil","0","55.550","deg","20.000","°C","100.000","%a.s.","22.120","deg","20.000","°C","976.000","hPa","0.861","-0.02617","0.00035","0","0","13.56","Humid","66.00","1","45.00","443323.05","SABD0001000008","AAV1.0.0.11","2.1.0.443","PSt7-10","171011-004","6/6/2018 9:03:33 AM","1443-01","0","no battery","V"
"08/07/2018","15:16:45","4","default","90137121","O4","0.332","min","197.565","μmol/L","Humid","20.538","deg","122716","µV","27.923","°C","1011.000","hPa","39.0","pmil","0","55.550","deg","20.000","°C","100.000","%a.s.","22.120","deg","20.000","°C","976.000","hPa","0.861","-0.02617","0.00035","0","0","13.56","Humid","66.00","1","45.00","443328.03","SABD0001000008","AAV1.0.0.11","2.1.0.443","PSt7-10","171011-004","6/6/2018 9:03:33 AM","1443-01","0","no battery","V"
"08/07/2018","15:16:46","4","default","90137121","O4","0.349","min","197.554","μmol/L","Humid","20.538","deg","122717","µV","27.925","°C","1011.000","hPa","39.0","pmil","0","55.550","deg","20.000","°C","100.000","%a.s.","22.120","deg","20.000","°C","976.000","hPa","0.861","-0.02617","0.00035","0","0","13.56","Humid","66.00","1","45.00","443322.46","SABD0001000008","AAV1.0.0.11","2.1.0.443","PSt7-10","171011-004","6/6/2018 9:03:33 AM","1443-01","0","no battery","V"
"08/07/2018","15:16:47","4","default","90137121","O4","0.365","min","197.463","μmol/L","Humid","20.540","deg","122723","µV","27.934","°C","1011.000","hPa","39.0","pmil","0","55.550","deg","20.000","°C","100.000","%a.s.","22.120","deg","20.000","°C","976.000","hPa","0.861","-0.02617","0.00035","0","0","13.56","Humid","66.00","1","45.00","443311.46","SABD0001000008","AAV1.0.0.11","2.1.0.443","PSt7-10","171011-004","6/6/2018 9:03:33 AM","1443-01","0","no battery","V"
"08/07/2018","15:16:48","4","default","90137121","O4","0.382","min","197.482","μmol/L","Humid","20.539","deg","122724","µV","27.934","°C","1011.000","hPa","39.0","pmil","0","55.550","deg","20.000","°C","100.000","%a.s.","22.120","deg","20.000","°C","976.000","hPa","0.861","-0.02617","0.00035","0","0","13.56","Humid","66.00","1","45.00","443327.16","SABD0001000008","AAV1.0.0.11","2.1.0.443","PSt7-10","171011-004","6/6/2018 9:03:33 AM","1443-01","0","no battery","V"
"08/07/2018","15:16:49","4","default","90137121","O4","0.399","min","197.424","μmol/L","Humid","20.544","deg","122720","µV","27.929","°C","1011.000","hPa","39.0","pmil","0","55.550","deg","20.000","°C","100.000","%a.s.","22.120","deg","20.000","°C","976.000","hPa","0.861","-0.02617","0.00035","0","0","13.56","Humid","66.00","1","45.00","443307.28","SABD0001000008","AAV1.0.0.11","2.1.0.443","PSt7-10","171011-004","6/6/2018 9:03:33 AM","1443-01","0","no battery","V"
"08/07/2018","15:16:50","4","default","90137121","O4","0.415","min","197.455","μmol/L","Humid","20.545","deg","122723","µV","27.921","°C","1011.000","hPa","39.0","pmil","0","55.550","deg","20.000","°C","100.000","%a.s.","22.120","deg","20.000","°C","976.000","hPa","0.861","-0.02617","0.00035","0","0","13.56","Humid","66.00","1","45.00","443306.05","SABD0001000008","AAV1.0.0.11","2.1.0.443","PSt7-10","171011-004","6/6/2018 9:03:33 AM","1443-01","0","no battery","V"
"08/07/2018","15:16:51","4","default","90137121","O4","0.432","min","197.344","μmol/L","Humid","20.546","deg","122733","µV","27.937","°C","1011.000","hPa","39.0","pmil","0","55.550","deg","20.000","°C","100.000","%a.s.","22.120","deg","20.000","°C","976.000","hPa","0.861","-0.02617","0.00035","0","0","13.56","Humid","66.00","1","45.00","443307.67","SABD0001000008","AAV1.0.0.11","2.1.0.443","PSt7-10","171011-004","6/6/2018 9:03:33 AM","1443-01","0","no battery","V"
"08/07/2018","15:16:52","4","default","90137121","O4","0.449","min","197.427","μmol/L","Humid","20.545","deg","122729","µV","27.926","°C","1011.000","hPa","39.0","pmil","0","55.550","deg","20.000","°C","100.000","%a.s.","22.120","deg","20.000","°C","976.000","hPa","0.861","-0.02617","0.00035","0","0","13.56","Humid","66.00","1","45.00","443302.60","SABD0001000008","AAV1.0.0.11","2.1.0.443","PSt7-10","171011-004","6/6/2018 9:03:33 AM","1443-01","0","no battery","V"
"08/07/2018","15:16:53","4","default","90137121","O4","0.465","min","197.353","μmol/L","Humid","20.546","deg","122746","µV","27.935","°C","1011.000","hPa","39.0","pmil","0","55.550","deg","20.000","°C","100.000","%a.s.","22.120","deg","20.000","°C","976.000","hPa","0.861","-0.02617","0.00035","0","0","13.56","Humid","66.00","1","45.00","443300.77","SABD0001000008","AAV1.0.0.11","2.1.0.443","PSt7-10","171011-004","6/6/2018 9:03:33 AM","1443-01","0","no battery","V"
"08/07/2018","15:16:54","4","default","90137121","O4","0.482","min","197.359","μmol/L","Humid","20.547","deg","122741","µV","27.931","°C","1011.000","hPa","39.0","pmil","0","55.550","deg","20.000","°C","100.000","%a.s.","22.120","deg","20.000","°C","976.000","hPa","0.861","-0.02617","0.00035","0","0","13.56","Humid","66.00","1","45.00","443305.20","SABD0001000008","AAV1.0.0.11","2.1.0.443","PSt7-10","171011-004","6/6/2018 9:03:33 AM","1443-01","0","no battery","V"
"08/07/2018","15:16:55","4","default","90137121","O4","0.499","min","197.490","μmol/L","Humid","20.546","deg","122746","µV","27.912","°C","1011.000","hPa","39.0","pmil","0","55.550","deg","20.000","°C","100.000","%a.s.","22.120","deg","20.000","°C","976.000","hPa","0.861","-0.02617","0.00035","0","0","13.56","Humid","66.00","1","45.00","443283.09","SABD0001000008","AAV1.0.0.11","2.1.0.443","PSt7-10","171011-004","6/6/2018 9:03:33 AM","1443-01","0","no battery","V"
"08/07/2018","15:16:56","4","default","90137121","O4","0.515","min","197.360","μmol/L","Humid","20.549","deg","122747","µV","27.925","°C","1011.000","hPa","39.0","pmil","0","55.550","deg","20.000","°C","100.000","%a.s.","22.120","deg","20.000","°C","976.000","hPa","0.861","-0.02617","0.00035","0","0","13.56","Humid","66.00","1","45.00","443289.27","SABD0001000008","AAV1.0.0.11","2.1.0.443","PSt7-10","171011-004","6/6/2018 9:03:33 AM","1443-01","0","no battery","V"
"08/07/2018","15:16:57","4","default","90137121","O4","0.532","min","197.287","μmol/L","Humid","20.549","deg","122753","µV","27.937","°C","1011.000","hPa","39.0","pmil","0","55.550","deg","20.000","°C","100.000","%a.s.","22.120","deg","20.000","°C","976.000","hPa","0.861","-0.02617","0.00035","0","0","13.56","Humid","66.00","1","45.00","443299.26","SABD0001000008","AAV1.0.0.11","2.1.0.443","PSt7-10","171011-004","6/6/2018 9:03:33 AM","1443-01","0","no battery","V"
"08/07/2018","15:16:58","4","default","90137121","O4","0.548","min","197.217","μmol/L","Humid","20.550","deg","122760","µV","27.946","°C","1011.000","hPa","39.0","pmil","0","55.550","deg","20.000","°C","100.000","%a.s.","22.120","deg","20.000","°C","976.000","hPa","0.861","-0.02617","0.00035","0","0","13.56","Humid","66.00","1","45.00","443281.79","SABD0001000008","AAV1.0.0.11","2.1.0.443","PSt7-10","171011-004","6/6/2018 9:03:33 AM","1443-01","0","no battery","V"
"08/07/2018","15:16:59","4","default","90137121","O4","0.565","min","197.237","μmol/L","Humid","20.551","deg","122766","µV","27.940","°C","1011.000","hPa","39.0","pmil","0","55.550","deg","20.000","°C","100.000","%a.s.","22.120","deg","20.000","°C","976.000","hPa","0.861","-0.02617","0.00035","0","0","13.56","Humid","66.00","1","45.00","443293.39","SABD0001000008","AAV1.0.0.11","2.1.0.443","PSt7-10","171011-004","6/6/2018 9:03:33 AM","1443-01","0","no battery","V"
"08/07/2018","15:17:00","4","default","90137121","O4","0.582","min","197.212","μmol/L","Humid","20.553","deg","122779","µV","27.938","°C","1011.000","hPa","39.0","pmil","0","55.550","deg","20.000","°C","100.000","%a.s.","22.120","deg","20.000","°C","976.000","hPa","0.861","-0.02617","0.00035","0","0","13.56","Humid","66.00","1","45.00","443293.67","SABD0001000008","AAV1.0.0.11","2.1.0.443","PSt7-10","171011-004","6/6/2018 9:03:33 AM","1443-01","0","no battery","V"
"08/07/2018","15:17:01","4","default","90137121","O4","0.598","min","197.152","μmol/L","Humid","20.557","deg","122763","µV","27.936","°C","1011.000","hPa","39.0","pmil","0","55.550","deg","20.000","°C","100.000","%a.s.","22.120","deg","20.000","°C","976.000","hPa","0.861","-0.02617","0.00035","0","0","13.56","Humid","66.00","1","45.00","443269.40","SABD0001000008","AAV1.0.0.11","2.1.0.443","PSt7-10","171011-004","6/6/2018 9:03:33 AM","1443-01","0","no battery","V"
"08/07/2018","15:17:02","4","default","90137121","O4","0.615","min","197.138","μmol/L","Humid","20.556","deg","122775","µV","27.941","°C","1011.000","hPa","39.0","pmil","0","55.550","deg","20.000","°C","100.000","%a.s.","22.120","deg","20.000","°C","976.000","hPa","0.861","-0.02617","0.00035","0","0","13.56","Humid","66.00","1","45.00","443271.66","SABD0001000008","AAV1.0.0.11","2.1.0.443","PSt7-10","171011-004","6/6/2018 9:03:33 AM","1443-01","0","no battery","V"
"08/07/2018","15:17:03","4","default","90137121","O4","0.632","min","197.234","μmol/L","Humid","20.557","deg","122778","µV","27.922","°C","1011.000","hPa","39.0","pmil","0","55.550","deg","20.000","°C","100.000","%a.s.","22.120","deg","20.000","°C","976.000","hPa","0.861","-0.02617","0.00035","0","0","13.56","Humid","66.00","1","45.00","443271.62","SABD0001000008","AAV1.0.0.11","2.1.0.443","PSt7-10","171011-004","6/6/2018 9:03:33 AM","1443-01","0","no battery","V"
"08/07/2018","15:17:04","4","default","90137121","O4","0.649","min","197.230","μmol/L","Humid","20.554","deg","122775","µV","27.932","°C","1011.000","hPa","39.0","pmil","0","55.550","deg","20.000","°C","100.000","%a.s.","22.120","deg","20.000","°C","976.000","hPa","0.861","-0.02617","0.00035","0","0","13.56","Humid","66.00","1","45.00","443260.11","SABD0001000008","AAV1.0.0.11","2.1.0.443","PSt7-10","171011-004","6/6/2018 9:03:33 AM","1443-01","0","no battery","V"
"08/07/2018","15:17:05","4","default","90137121","O4","0.666","min","197.188","μmol/L","Humid","20.558","deg","122785","µV","27.927","°C","1011.000","hPa","39.0","pmil","0","55.550","deg","20.000","°C","100.000","%a.s.","22.120","deg","20.000","°C","976.000","hPa","0.861","-0.02617","0.00035","0","0","13.56","Humid","66.00","1","45.00","443268.51","SABD0001000008","AAV1.0.0.11","2.1.0.443","PSt7-10","171011-004","6/6/2018 9:03:33 AM","1443-01","0","no battery","V"
"08/07/2018","15:17:06","4","default","90137121","O4","0.682","min","197.208","μmol/L","Humid","20.559","deg","122798","µV","27.921","°C","1011.000","hPa","39.0","pmil","0","55.550","deg","20.000","°C","100.000","%a.s.","22.120","deg","20.000","°C","976.000","hPa","0.861","-0.02617","0.00035","0","0","13.56","Humid","66.00","1","45.00","443253.15","SABD0001000008","AAV1.0.0.11","2.1.0.443","PSt7-10","171011-004","6/6/2018 9:03:33 AM","1443-01","0","no battery","V"
"08/07/2018","15:17:07","4","default","90137121","O4","0.699","min","197.091","μmol/L","Humid","20.563","deg","122798","µV","27.929","°C","1011.000","hPa","39.0","pmil","0","55.550","deg","20.000","°C","100.000","%a.s.","22.120","deg","20.000","°C","976.000","hPa","0.861","-0.02617","0.00035","0","0","13.56","Humid","66.00","1","45.00","443254.85","SABD0001000008","AAV1.0.0.11","2.1.0.443","PSt7-10","171011-004","6/6/2018 9:03:33 AM","1443-01","0","no battery","V"
"08/07/2018","15:17:08","4","default","90137121","O4","0.715","min","197.161","μmol/L","Humid","20.560","deg","122800","µV","27.926","°C","1011.000","hPa","39.0","pmil","0","55.550","deg","20.000","°C","100.000","%a.s.","22.120","deg","20.000","°C","976.000","hPa","0.861","-0.02617","0.00035","0","0","13.56","Humid","66.00","1","45.00","443242.86","SABD0001000008","AAV1.0.0.11","2.1.0.443","PSt7-10","171011-004","6/6/2018 9:03:33 AM","1443-01","0","no battery","V"
"08/07/2018","15:17:09","4","default","90137121","O4","0.732","min","197.078","μmol/L","Humid","20.561","deg","122798","µV","27.937","°C","1011.000","hPa","39.0","pmil","0","55.550","deg","20.000","°C","100.000","%a.s.","22.120","deg","20.000","°C","976.000","hPa","0.861","-0.02617","0.00035","0","0","13.56","Humid","66.00","1","45.00","443248.38","SABD0001000008","AAV1.0.0.11","2.1.0.443","PSt7-10","171011-004","6/6/2018 9:03:33 AM","1443-01","0","no battery","V"
"08/07/2018","15:17:10","4","default","90137121","O4","0.749","min","197.038","μmol/L","Humid","20.563","deg","122799","µV","27.937","°C","1011.000","hPa","39.0","pmil","0","55.550","deg","20.000","°C","100.000","%a.s.","22.120","deg","20.000","°C","976.000","hPa","0.861","-0.02617","0.00035","0","0","13.56","Humid","66.00","1","45.00","443236.67","SABD0001000008","AAV1.0.0.11","2.1.0.443","PSt7-10","171011-004","6/6/2018 9:03:33 AM","1443-01","0","no battery","V"
"08/07/2018","15:17:11","4","default","90137121","O4","0.766","min","196.998","μmol/L","Humid","20.566","deg","122809","µV","27.935","°C","1011.000","hPa","39.0","pmil","0","55.550","deg","20.000","°C","100.000","%a.s.","22.120","deg","20.000","°C","976.000","hPa","0.861","-0.02617","0.00035","0","0","13.56","Humid","66.00","1","45.00","443248.62","SABD0001000008","AAV1.0.0.11","2.1.0.443","PSt7-10","171011-004","6/6/2018 9:03:33 AM","1443-01","0","no battery","V"
"08/07/2018","15:17:12","4","default","90137121","O4","0.782","min","197.006","μmol/L","Humid","20.566","deg","122813","µV","27.934","°C","1011.000","hPa","39.0","pmil","0","55.550","deg","20.000","°C","100.000","%a.s.","22.120","deg","20.000","°C","976.000","hPa","0.861","-0.02617","0.00035","0","0","13.56","Humid","66.00","1","45.00","443240.69","SABD0001000008","AAV1.0.0.11","2.1.0.443","PSt7-10","171011-004","6/6/2018 9:03:33 AM","1443-01","0","no battery","V"
"08/07/2018","15:17:13","4","default","90137121","O4","0.799","min","197.074","μmol/L","Humid","20.564","deg","122806","µV","27.928","°C","1011.000","hPa","39.0","pmil","0","55.550","deg","20.000","°C","100.000","%a.s.","22.120","deg","20.000","°C","976.000","hPa","0.861","-0.02617","0.00035","0","0","13.56","Humid","66.00","1","45.00","443239.34","SABD0001000008","AAV1.0.0.11","2.1.0.443","PSt7-10","171011-004","6/6/2018 9:03:33 AM","1443-01","0","no battery","V"
"08/07/2018","15:17:14","4","default","90137121","O4","0.815","min","196.993","μmol/L","Humid","20.570","deg","122820","µV","27.924","°C","1011.000","hPa","39.0","pmil","0","55.550","deg","20.000","°C","100.000","%a.s.","22.120","deg","20.000","°C","976.000","hPa","0.861","-0.02617","0.00035","0","0","13.56","Humid","66.00","1","45.00","443253.10","SABD0001000008","AAV1.0.0.11","2.1.0.443","PSt7-10","171011-004","6/6/2018 9:03:33 AM","1443-01","0","no battery","V"
"08/07/2018","15:17:15","4","default","90137121","O4","0.832","min","197.069","μmol/L","Humid","20.569","deg","122829","µV","27.914","°C","1011.000","hPa","39.0","pmil","0","55.550","deg","20.000","°C","100.000","%a.s.","22.120","deg","20.000","°C","976.000","hPa","0.861","-0.02617","0.00035","0","0","13.56","Humid","66.00","1","45.00","443242.27","SABD0001000008","AAV1.0.0.11","2.1.0.443","PSt7-10","171011-004","6/6/2018 9:03:33 AM","1443-01","0","no battery","V"
"08/07/2018","15:17:16","4","default","90137121","O4","0.849","min","196.993","μmol/L","Humid","20.571","deg","122835","µV","27.921","°C","1011.000","hPa","39.0","pmil","0","55.550","deg","20.000","°C","100.000","%a.s.","22.120","deg","20.000","°C","976.000","hPa","0.861","-0.02617","0.00035","0","0","13.56","Humid","66.00","1","45.00","443229.62","SABD0001000008","AAV1.0.0.11","2.1.0.443","PSt7-10","171011-004","6/6/2018 9:03:33 AM","1443-01","0","no battery","V"
"08/07/2018","15:17:17","4","default","90137121","O4","0.865","min","196.932","μmol/L","Humid","20.571","deg","122841","µV","27.931","°C","1011.000","hPa","39.0","pmil","0","55.550","deg","20.000","°C","100.000","%a.s.","22.120","deg","20.000","°C","976.000","hPa","0.861","-0.02617","0.00035","0","0","13.56","Humid","66.00","1","45.00","443221.68","SABD0001000008","AAV1.0.0.11","2.1.0.443","PSt7-10","171011-004","6/6/2018 9:03:33 AM","1443-01","0","no battery","V"
"08/07/2018","15:17:18","4","default","90137121","O4","0.882","min","196.856","μmol/L","Humid","20.572","deg","122850","µV","27.941","°C","1011.000","hPa","39.0","pmil","0","55.550","deg","20.000","°C","100.000","%a.s.","22.120","deg","20.000","°C","976.000","hPa","0.861","-0.02617","0.00035","0","0","13.56","Humid","66.00","1","45.00","443241.94","SABD0001000008","AAV1.0.0.11","2.1.0.443","PSt7-10","171011-004","6/6/2018 9:03:33 AM","1443-01","0","no battery","V"
"08/07/2018","15:17:19","4","default","90137121","O4","0.899","min","196.928","μmol/L","Humid","20.574","deg","122847","µV","27.923","°C","1011.000","hPa","39.0","pmil","0","55.550","deg","20.000","°C","100.000","%a.s.","22.120","deg","20.000","°C","976.000","hPa","0.861","-0.02617","0.00035","0","0","13.56","Humid","66.00","1","45.00","443232.44","SABD0001000008","AAV1.0.0.11","2.1.0.443","PSt7-10","171011-004","6/6/2018 9:03:33 AM","1443-01","0","no battery","V"
"08/07/2018","15:17:20","4","default","90137121","O4","0.916","min","196.808","μmol/L","Humid","20.572","deg","122848","µV","27.949","°C","1011.000","hPa","39.0","pmil","0","55.550","deg","20.000","°C","100.000","%a.s.","22.120","deg","20.000","°C","976.000","hPa","0.861","-0.02617","0.00035","0","0","13.56","Humid","66.00","1","45.00","443213.13","SABD0001000008","AAV1.0.0.11","2.1.0.443","PSt7-10","171011-004","6/6/2018 9:03:33 AM","1443-01","0","no battery","V"
"08/07/2018","15:17:21","4","default","90137121","O4","0.932","min","196.832","μmol/L","Humid","20.576","deg","122855","µV","27.933","°C","1011.000","hPa","39.0","pmil","0","55.550","deg","20.000","°C","100.000","%a.s.","22.120","deg","20.000","°C","976.000","hPa","0.861","-0.02617","0.00035","0","0","13.56","Humid","66.00","1","45.00","443230.83","SABD0001000008","AAV1.0.0.11","2.1.0.443","PSt7-10","171011-004","6/6/2018 9:03:33 AM","1443-01","0","no battery","V"
"08/07/2018","15:17:22","4","default","90137121","O4","0.949","min","196.827","μmol/L","Humid","20.576","deg","122865","µV","27.934","°C","1011.000","hPa","39.0","pmil","0","55.550","deg","20.000","°C","100.000","%a.s.","22.120","deg","20.000","°C","976.000","hPa","0.861","-0.02617","0.00035","0","0","13.56","Humid","66.00","1","45.00","443230.11","SABD0001000008","AAV1.0.0.11","2.1.0.443","PSt7-10","171011-004","6/6/2018 9:03:33 AM","1443-01","0","no battery","V"
"08/07/2018","15:17:23","4","default","90137121","O4","0.965","min","196.801","μmol/L","Humid","20.575","deg","122874","µV","27.942","°C","1011.000","hPa","39.0","pmil","0","55.550","deg","20.000","°C","100.000","%a.s.","22.120","deg","20.000","°C","976.000","hPa","0.861","-0.02617","0.00035","0","0","13.56","Humid","66.00","1","45.00","443217.46","SABD0001000008","AAV1.0.0.11","2.1.0.443","PSt7-10","171011-004","6/6/2018 9:03:33 AM","1443-01","0","no battery","V"
"08/07/2018","15:17:24","4","default","90137121","O4","0.982","min","196.874","μmol/L","Humid","20.577","deg","122877","µV","27.923","°C","1011.000","hPa","39.0","pmil","0","55.550","deg","20.000","°C","100.000","%a.s.","22.120","deg","20.000","°C","976.000","hPa","0.861","-0.02617","0.00035","0","0","13.56","Humid","66.00","1","45.00","443216.37","SABD0001000008","AAV1.0.0.11","2.1.0.443","PSt7-10","171011-004","6/6/2018 9:03:33 AM","1443-01","0","no battery","V"
"08/07/2018","15:17:25","4","default","90137121","O4","0.999","min","196.843","μmol/L","Humid","20.577","deg","122878","µV","27.929","°C","1011.000","hPa","39.0","pmil","0","55.550","deg","20.000","°C","100.000","%a.s.","22.120","deg","20.000","°C","976.000","hPa","0.861","-0.02617","0.00035","0","0","13.56","Humid","66.00","1","45.00","443216.89","SABD0001000008","AAV1.0.0.11","2.1.0.443","PSt7-10","171011-004","6/6/2018 9:03:33 AM","1443-01","0","no battery","V"
"08/07/2018","15:17:26","4","default","90137121","O4","1.016","min","196.763","μmol/L","Humid","20.583","deg","122877","µV","27.924","°C","1011.000","hPa","39.0","pmil","0","55.550","deg","20.000","°C","100.000","%a.s.","22.120","deg","20.000","°C","976.000","hPa","0.861","-0.02617","0.00035","0","0","13.56","Humid","66.00","1","45.00","443195.25","SABD0001000008","AAV1.0.0.11","2.1.0.443","PSt7-10","171011-004","6/6/2018 9:03:33 AM","1443-01","0","no battery","V"
"08/07/2018","15:17:27","4","default","90137121","O4","1.032","min","196.798","μmol/L","Humid","20.581","deg","122878","µV","27.924","°C","1011.000","hPa","39.0","pmil","0","55.550","deg","20.000","°C","100.000","%a.s.","22.120","deg","20.000","°C","976.000","hPa","0.861","-0.02617","0.00035","0","0","13.56","Humid","66.00","1","45.00","443196.21","SABD0001000008","AAV1.0.0.11","2.1.0.443","PSt7-10","171011-004","6/6/2018 9:03:33 AM","1443-01","0","no battery","V"
"08/07/2018","15:17:28","4","default","90137121","O4","1.049","min","196.810","μmol/L","Humid","20.581","deg","122898","µV","27.922","°C","1011.000","hPa","39.0","pmil","0","55.550","deg","20.000","°C","100.000","%a.s.","22.120","deg","20.000","°C","976.000","hPa","0.861","-0.02617","0.00035","0","0","13.56","Humid","66.00","1","45.00","443188.44","SABD0001000008","AAV1.0.0.11","2.1.0.443","PSt7-10","171011-004","6/6/2018 9:03:33 AM","1443-01","0","no battery","V"
"08/07/2018","15:17:29","4","default","90137121","O4","1.066","min","196.731","μmol/L","Humid","20.584","deg","122897","µV","27.927","°C","1011.000","hPa","39.0","pmil","0","55.550","deg","20.000","°C","100.000","%a.s.","22.120","deg","20.000","°C","976.000","hPa","0.861","-0.02617","0.00035","0","0","13.56","Humid","66.00","1","45.00","443197.03","SABD0001000008","AAV1.0.0.11","2.1.0.443","PSt7-10","171011-004","6/6/2018 9:03:33 AM","1443-01","0","no battery","V"
"08/07/2018","15:17:30","4","default","90137121","O4","1.082","min","196.723","μmol/L","Humid","20.585","deg","122903","µV","27.925","°C","1011.000","hPa","39.0","pmil","0","55.550","deg","20.000","°C","100.000","%a.s.","22.120","deg","20.000","°C","976.000","hPa","0.861","-0.02617","0.00035","0","0","13.56","Humid","66.00","1","45.00","443188.19","SABD0001000008","AAV1.0.0.11","2.1.0.443","PSt7-10","171011-004","6/6/2018 9:03:33 AM","1443-01","0","no battery","V"
"08/07/2018","15:17:31","4","default","90137121","O4","1.099","min","196.666","μmol/L","Humid","20.586","deg","122905","µV","27.932","°C","1011.000","hPa","39.0","pmil","0","55.550","deg","20.000","°C","100.000","%a.s.","22.120","deg","20.000","°C","976.000","hPa","0.861","-0.02617","0.00035","0","0","13.56","Humid","66.00","1","45.00","443195.37","SABD0001000008","AAV1.0.0.11","2.1.0.443","PSt7-10","171011-004","6/6/2018 9:03:33 AM","1443-01","0","no battery","V"
"08/07/2018","15:17:32","4","default","90137121","O4","1.115","min","196.624","μmol/L","Humid","20.590","deg","122911","µV","27.927","°C","1011.000","hPa","39.0","pmil","0","55.550","deg","20.000","°C","100.000","%a.s.","22.120","deg","20.000","°C","976.000","hPa","0.861","-0.02617","0.00035","0","0","13.56","Humid","66.00","1","45.00","443181.95","SABD0001000008","AAV1.0.0.11","2.1.0.443","PSt7-10","171011-004","6/6/2018 9:03:33 AM","1443-01","0","no battery","V"
"08/07/2018","15:17:33","4","default","90137121","O4","1.132","min","196.741","μmol/L","Humid","20.585","deg","122916","µV","27.922","°C","1011.000","hPa","39.0","pmil","0","55.550","deg","20.000","°C","100.000","%a.s.","22.120","deg","20.000","°C","976.000","hPa","0.861","-0.02617","0.00035","0","0","13.56","Humid","66.00","1","45.00","443185.35","SABD0001000008","AAV1.0.0.11","2.1.0.443","PSt7-10","171011-004","6/6/2018 9:03:33 AM","1443-01","0","no battery","V"
"08/07/2018","15:17:34","4","default","90137121","O4","1.149","min","196.677","μmol/L","Humid","20.590","deg","122923","µV","27.918","°C","1011.000","hPa","39.0","pmil","0","55.550","deg","20.000","°C","100.000","%a.s.","22.120","deg","20.000","°C","976.000","hPa","0.861","-0.02617","0.00035","0","0","13.56","Humid","66.00","1","45.00","443189.48","SABD0001000008","AAV1.0.0.11","2.1.0.443","PSt7-10","171011-004","6/6/2018 9:03:33 AM","1443-01","0","no battery","V"
"08/07/2018","15:17:35","4","default","90137121","O4","1.165","min","196.645","μmol/L","Humid","20.589","deg","122917","µV","27.926","°C","1011.000","hPa","39.0","pmil","0","55.550","deg","20.000","°C","100.000","%a.s.","22.120","deg","20.000","°C","976.000","hPa","0.861","-0.02617","0.00035","0","0","13.56","Humid","66.00","1","45.00","443163.93","SABD0001000008","AAV1.0.0.11","2.1.0.443","PSt7-10","171011-004","6/6/2018 9:03:33 AM","1443-01","0","no battery","V"
"08/07/2018","15:17:36","4","default","90137121","O4","1.182","min","196.494","μmol/L","Humid","20.590","deg","122934","µV","27.949","°C","1011.000","hPa","39.0","pmil","0","55.550","deg","20.000","°C","100.000","%a.s.","22.120","deg","20.000","°C","976.000","hPa","0.861","-0.02617","0.00035","0","0","13.56","Humid","66.00","1","45.00","443197.66","SABD0001000008","AAV1.0.0.11","2.1.0.443","PSt7-10","171011-004","6/6/2018 9:03:33 AM","1443-01","0","no battery","V"
"08/07/2018","15:17:37","4","default","90137121","O4","1.198","min","196.601","μmol/L","Humid","20.590","deg","122941","µV","27.931","°C","1011.000","hPa","39.0","pmil","0","55.550","deg","20.000","°C","100.000","%a.s.","22.120","deg","20.000","°C","976.000","hPa","0.861","-0.02617","0.00035","0","0","13.56","Humid","66.00","1","45.00","443175.82","SABD0001000008","AAV1.0.0.11","2.1.0.443","PSt7-10","171011-004","6/6/2018 9:03:33 AM","1443-01","0","no battery","V"
"08/07/2018","15:17:38","4","default","90137121","O4","1.215","min","196.546","μmol/L","Humid","20.594","deg","122940","µV","27.928","°C","1011.000","hPa","39.0","pmil","0","55.550","deg","20.000","°C","100.000","%a.s.","22.120","deg","20.000","°C","976.000","hPa","0.861","-0.02617","0.00035","0","0","13.56","Humid","66.00","1","45.00","443182.14","SABD0001000008","AAV1.0.0.11","2.1.0.443","PSt7-10","171011-004","6/6/2018 9:03:33 AM","1443-01","0","no battery","V"
"08/07/2018","15:17:39","4","default","90137121","O4","1.232","min","196.569","μmol/L","Humid","20.592","deg","122953","µV","27.930","°C","1011.000","hPa","39.0","pmil","0","55.550","deg","20.000","°C","100.000","%a.s.","22.120","deg","20.000","°C","976.000","hPa","0.861","-0.02617","0.00035","0","0","13.56","Humid","66.00","1","45.00","443188.57","SABD0001000008","AAV1.0.0.11","2.1.0.443","PSt7-10","171011-004","6/6/2018 9:03:33 AM","1443-01","0","no battery","V"
"08/07/2018","15:17:40","4","default","90137121","O4","1.249","min","196.498","μmol/L","Humid","20.596","deg","122952","µV","27.930","°C","1011.000","hPa","39.0","pmil","0","55.550","deg","20.000","°C","100.000","%a.s.","22.120","deg","20.000","°C","976.000","hPa","0.861","-0.02617","0.00035","0","0","13.56","Humid","66.00","1","45.00","443164.86","SABD0001000008","AAV1.0.0.11","2.1.0.443","PSt7-10","171011-004","6/6/2018 9:03:33 AM","1443-01","0","no battery","V"
"08/07/2018","15:17:41","4","default","90137121","O4","1.265","min","196.412","μmol/L","Humid","20.595","deg","122959","µV","27.948","°C","1011.000","hPa","39.0","pmil","0","55.550","deg","20.000","°C","100.000","%a.s.","22.120","deg","20.000","°C","976.000","hPa","0.861","-0.02617","0.00035","0","0","13.56","Humid","66.00","1","45.00","443173.22","SABD0001000008","AAV1.0.0.11","2.1.0.443","PSt7-10","171011-004","6/6/2018 9:03:33 AM","1443-01","0","no battery","V"
"08/07/2018","15:17:42","4","default","90137121","O4","1.282","min","196.594","μmol/L","Humid","20.595","deg","122969","µV","27.917","°C","1011.000","hPa","39.0","pmil","0","55.550","deg","20.000","°C","100.000","%a.s.","22.120","deg","20.000","°C","976.000","hPa","0.861","-0.02617","0.00035","0","0","13.56","Humid","66.00","1","45.00","443175.59","SABD0001000008","AAV1.0.0.11","2.1.0.443","PSt7-10","171011-004","6/6/2018 9:03:33 AM","1443-01","0","no battery","V"
"08/07/2018","15:17:43","4","default","90137121","O4","1.299","min","196.506","μmol/L","Humid","20.598","deg","122970","µV","27.923","°C","1011.000","hPa","39.0","pmil","0","55.550","deg","20.000","°C","100.000","%a.s.","22.120","deg","20.000","°C","976.000","hPa","0.861","-0.02617","0.00035","0","0","13.56","Humid","66.00","1","45.00","443170.49","SABD0001000008","AAV1.0.0.11","2.1.0.443","PSt7-10","171011-004","6/6/2018 9:03:33 AM","1443-01","0","no battery","V"
"08/07/2018","15:17:44","4","default","90137121","O4","1.315","min","196.441","μmol/L","Humid","20.601","deg","122992","µV","27.925","°C","1011.000","hPa","39.0","pmil","0","55.550","deg","20.000","°C","100.000","%a.s.","22.120","deg","20.000","°C","976.000","hPa","0.861","-0.02617","0.00035","0","0","13.56","Humid","66.00","1","45.00","443171.03","SABD0001000008","AAV1.0.0.11","2.1.0.443","PSt7-10","171011-004","6/6/2018 9:03:33 AM","1443-01","0","no battery","V"
"08/07/2018","15:17:45","4","default","90137121","O4","1.332","min","196.430","μmol/L","Humid","20.598","deg","122985","µV","27.936","°C","1011.000","hPa","39.0","pmil","0","55.550","deg","20.000","°C","100.000","%a.s.","22.120","deg","20.000","°C","976.000","hPa","0.861","-0.02617","0.00035","0","0","13.56","Humid","66.00","1","45.00","443145.44","SABD0001000008","AAV1.0.0.11","2.1.0.443","PSt7-10","171011-004","6/6/2018 9:03:33 AM","1443-01","0","no battery","V"
"08/07/2018","15:17:46","4","default","90137121","O4","1.348","min","196.451","μmol/L","Humid","20.599","deg","122995","µV","27.929","°C","1011.000","hPa","39.0","pmil","0","55.550","deg","20.000","°C","100.000","%a.s.","22.120","deg","20.000","°C","976.000","hPa","0.861","-0.02617","0.00035","0","0","13.56","Humid","66.00","1","45.00","443165.50","SABD0001000008","AAV1.0.0.11","2.1.0.443","PSt7-10","171011-004","6/6/2018 9:03:33 AM","1443-01","0","no battery","V"
"08/07/2018","15:17:47","4","default","90137121","O4","1.365","min","196.496","μmol/L","Humid","20.597","deg","123002","µV","27.928","°C","1011.000","hPa","39.0","pmil","0","55.550","deg","20.000","°C","100.000","%a.s.","22.120","deg","20.000","°C","976.000","hPa","0.861","-0.02617","0.00035","0","0","13.56","Humid","66.00","1","45.00","443159.83","SABD0001000008","AAV1.0.0.11","2.1.0.443","PSt7-10","171011-004","6/6/2018 9:03:33 AM","1443-01","0","no battery","V"
"08/07/2018","15:17:48","4","default","90137121","O4","1.382","min","196.398","μmol/L","Humid","20.605","deg","123005","µV","27.920","°C","1011.000","hPa","39.0","pmil","0","55.550","deg","20.000","°C","100.000","%a.s.","22.120","deg","20.000","°C","976.000","hPa","0.861","-0.02617","0.00035","0","0","13.56","Humid","66.00","1","45.00","443155.62","SABD0001000008","AAV1.0.0.11","2.1.0.443","PSt7-10","171011-004","6/6/2018 9:03:33 AM","1443-01","0","no battery","V"
"08/07/2018","15:17:49","4","default","90137121","O4","1.399","min","196.399","μmol/L","Humid","20.604","deg","123016","µV","27.923","°C","1011.000","hPa","39.0","pmil","0","55.550","deg","20.000","°C","100.000","%a.s.","22.120","deg","20.000","°C","976.000","hPa","0.861","-0.02617","0.00035","0","0","13.56","Humid","66.00","1","45.00","443168.94","SABD0001000008","AAV1.0.0.11","2.1.0.443","PSt7-10","171011-004","6/6/2018 9:03:33 AM","1443-01","0","no battery","V"
"08/07/2018","15:17:50","4","default","90137121","O4","1.416","min","196.401","μmol/L","Humid","20.603","deg","123017","µV","27.926","°C","1011.000","hPa","39.0","pmil","0","55.550","deg","20.000","°C","100.000","%a.s.","22.120","deg","20.000","°C","976.000","hPa","0.861","-0.02617","0.00035","0","0","13.56","Humid","66.00","1","45.00","443147.60","SABD0001000008","AAV1.0.0.11","2.1.0.443","PSt7-10","171011-004","6/6/2018 9:03:33 AM","1443-01","0","no battery","V"
"08/07/2018","15:17:51","4","default","90137121","O4","1.432","min","196.328","μmol/L","Humid","20.605","deg","123024","µV","27.932","°C","1011.000","hPa","39.0","pmil","0","55.550","deg","20.000","°C","100.000","%a.s.","22.120","deg","20.000","°C","976.000","hPa","0.861","-0.02617","0.00035","0","0","13.56","Humid","66.00","1","45.00","443136.26","SABD0001000008","AAV1.0.0.11","2.1.0.443","PSt7-10","171011-004","6/6/2018 9:03:33 AM","1443-01","0","no battery","V"
"08/07/2018","15:17:52","4","default","90137121","O4","1.449","min","196.346","μmol/L","Humid","20.606","deg","123028","µV","27.926","°C","1011.000","hPa","39.0","pmil","0","55.550","deg","20.000","°C","100.000","%a.s.","22.120","deg","20.000","°C","976.000","hPa","0.861","-0.02617","0.00035","0","0","13.56","Humid","66.00","1","45.00","443154.64","SABD0001000008","AAV1.0.0.11","2.1.0.443","PSt7-10","171011-004","6/6/2018 9:03:33 AM","1443-01","0","no battery","V"
"08/07/2018","15:17:53","4","default","90137121","O4","1.465","min","196.286","μmol/L","Humid","20.611","deg","123026","µV","27.922","°C","1011.000","hPa","39.0","pmil","0","55.550","deg","20.000","°C","100.000","%a.s.","22.120","deg","20.000","°C","976.000","hPa","0.861","-0.02617","0.00035","0","0","13.56","Humid","66.00","1","45.00","443133.74","SABD0001000008","AAV1.0.0.11","2.1.0.443","PSt7-10","171011-004","6/6/2018 9:03:33 AM","1443-01","0","no battery","V"
"08/07/2018","15:17:54","4","default","90137121","O4","1.482","min","196.177","μmol/L","Humid","20.608","deg","123045","µV","27.949","°C","1011.000","hPa","39.0","pmil","0","55.550","deg","20.000","°C","100.000","%a.s.","22.120","deg","20.000","°C","976.000","hPa","0.861","-0.02617","0.00035","0","0","13.56","Humid","66.00","1","45.00","443135.68","SABD0001000008","AAV1.0.0.11","2.1.0.443","PSt7-10","171011-004","6/6/2018 9:03:33 AM","1443-01","0","no battery","V"
"08/07/2018","15:17:55","4","default","90137121","O4","1.499","min","196.139","μmol/L","Humid","20.611","deg","123042","µV","27.946","°C","1011.000","hPa","39.0","pmil","0","55.550","deg","20.000","°C","100.000","%a.s.","22.120","deg","20.000","°C","976.000","hPa","0.861","-0.02617","0.00035","0","0","13.56","Humid","66.00","1","45.00","443127.88","SABD0001000008","AAV1.0.0.11","2.1.0.443","PSt7-10","171011-004","6/6/2018 9:03:33 AM","1443-01","0","no battery","V"
"08/07/2018","15:17:56","4","default","90137121","O4","1.516","min","196.213","μmol/L","Humid","20.611","deg","123058","µV","27.934","°C","1011.000","hPa","39.0","pmil","0","55.550","deg","20.000","°C","100.000","%a.s.","22.120","deg","20.000","°C","976.000","hPa","0.861","-0.02617","0.00035","0","0","13.56","Humid","66.00","1","45.00","443169.55","SABD0001000008","AAV1.0.0.11","2.1.0.443","PSt7-10","171011-004","6/6/2018 9:03:33 AM","1443-01","0","no battery","V"
"08/07/2018","15:17:57","4","default","90137121","O4","1.532","min","196.102","μmol/L","Humid","20.613","deg","123058","µV","27.947","°C","1011.000","hPa","39.0","pmil","0","55.550","deg","20.000","°C","100.000","%a.s.","22.120","deg","20.000","°C","976.000","hPa","0.861","-0.02617","0.00035","0","0","13.56","Humid","66.00","1","45.00","443134.38","SABD0001000008","AAV1.0.0.11","2.1.0.443","PSt7-10","171011-004","6/6/2018 9:03:33 AM","1443-01","0","no battery","V"
"08/07/2018","15:17:58","4","default","90137121","O4","1.549","min","196.208","μmol/L","Humid","20.613","deg","123068","µV","27.929","°C","1011.000","hPa","39.0","pmil","0","55.550","deg","20.000","°C","100.000","%a.s.","22.120","deg","20.000","°C","976.000","hPa","0.861","-0.02617","0.00035","0","0","13.56","Humid","66.00","1","45.00","443129.45","SABD0001000008","AAV1.0.0.11","2.1.0.443","PSt7-10","171011-004","6/6/2018 9:03:33 AM","1443-01","0","no battery","V"
"08/07/2018","15:17:59","4","default","90137121","O4","1.565","min","196.261","μmol/L","Humid","20.613","deg","123069","µV","27.920","°C","1011.000","hPa","39.0","pmil","0","55.550","deg","20.000","°C","100.000","%a.s.","22.120","deg","20.000","°C","976.000","hPa","0.861","-0.02617","0.00035","0","0","13.56","Humid","66.00","1","45.00","443128.68","SABD0001000008","AAV1.0.0.11","2.1.0.443","PSt7-10","171011-004","6/6/2018 9:03:33 AM","1443-01","0","no battery","V"
"08/07/2018","15:18:00","4","default","90137121","O4","1.582","min","196.004","μmol/L","Humid","20.619","deg","123088","µV","27.945","°C","1011.000","hPa","39.0","pmil","0","55.550","deg","20.000","°C","100.000","%a.s.","22.120","deg","20.000","°C","976.000","hPa","0.861","-0.02617","0.00035","0","0","13.56","Humid","66.00","1","45.00","443139.08","SABD0001000008","AAV1.0.0.11","2.1.0.443","PSt7-10","171011-004","6/6/2018 9:03:33 AM","1443-01","0","no battery","V"
"08/07/2018","15:18:01","4","default","90137121","O4","1.599","min","196.115","μmol/L","Humid","20.613","deg","123082","µV","27.944","°C","1011.000","hPa","39.0","pmil","0","55.550","deg","20.000","°C","100.000","%a.s.","22.120","deg","20.000","°C","976.000","hPa","0.861","-0.02617","0.00035","0","0","13.56","Humid","66.00","1","45.00","443138.20","SABD0001000008","AAV1.0.0.11","2.1.0.443","PSt7-10","171011-004","6/6/2018 9:03:33 AM","1443-01","0","no battery","V"
"08/07/2018","15:18:02","4","default","90137121","O4","1.615","min","196.163","μmol/L","Humid","20.616","deg","123090","µV","27.927","°C","1011.000","hPa","39.0","pmil","0","55.550","deg","20.000","°C","100.000","%a.s.","22.120","deg","20.000","°C","976.000","hPa","0.861","-0.02617","0.00035","0","0","13.56","Humid","66.00","1","45.00","443124.43","SABD0001000008","AAV1.0.0.11","2.1.0.443","PSt7-10","171011-004","6/6/2018 9:03:33 AM","1443-01","0","no battery","V"
"08/07/2018","15:18:03","4","default","90137121","O4","1.632","min","196.095","μmol/L","Humid","20.619","deg","123104","µV","27.930","°C","1011.000","hPa","39.0","pmil","0","55.550","deg","20.000","°C","100.000","%a.s.","22.120","deg","20.000","°C","976.000","hPa","0.861","-0.02617","0.00035","0","0","13.56","Humid","66.00","1","45.00","443120.07","SABD0001000008","AAV1.0.0.11","2.1.0.443","PSt7-10","171011-004","6/6/2018 9:03:33 AM","1443-01","0","no battery","V"
"08/07/2018","15:18:04","4","default","90137121","O4","1.649","min","196.044","μmol/L","Humid","20.619","deg","123109","µV","27.939","°C","1011.000","hPa","39.0","pmil","0","55.550","deg","20.000","°C","100.000","%a.s.","22.120","deg","20.000","°C","976.000","hPa","0.861","-0.02617","0.00035","0","0","13.56","Humid","66.00","1","45.00","443127.74","SABD0001000008","AAV1.0.0.11","2.1.0.443","PSt7-10","171011-004","6/6/2018 9:03:33 AM","1443-01","0","no battery","V"
"08/07/2018","15:18:05","4","default","90137121","O4","1.665","min","196.138","μmol/L","Humid","20.617","deg","123103","µV","27.929","°C","1011.000","hPa","39.0","pmil","0","55.550","deg","20.000","°C","100.000","%a.s.","22.120","deg","20.000","°C","976.000","hPa","0.861","-0.02617","0.00035","0","0","13.56","Humid","66.00","1","45.00","443118.53","SABD0001000008","AAV1.0.0.11","2.1.0.443","PSt7-10","171011-004","6/6/2018 9:03:33 AM","1443-01","0","no battery","V"
"08/07/2018","15:18:06","4","default","90137121","O4","1.682","min","196.187","μmol/L","Humid","20.618","deg","123118","µV","27.917","°C","1011.000","hPa","39.0","pmil","0","55.550","deg","20.000","°C","100.000","%a.s.","22.120","deg","20.000","°C","976.000","hPa","0.861","-0.02617","0.00035","0","0","13.56","Humid","66.00","1","45.00","443119.76","SABD0001000008","AAV1.0.0.11","2.1.0.443","PSt7-10","171011-004","6/6/2018 9:03:33 AM","1443-01","0","no battery","V"
"08/07/2018","15:18:07","4","default","90137121","O4","1.699","min","195.990","μmol/L","Humid","20.625","deg","123125","µV","27.930","°C","1011.000","hPa","39.0","pmil","0","55.550","deg","20.000","°C","100.000","%a.s.","22.120","deg","20.000","°C","976.000","hPa","0.861","-0.02617","0.00035","0","0","13.56","Humid","66.00","1","45.00","443131.01","SABD0001000008","AAV1.0.0.11","2.1.0.443","PSt7-10","171011-004","6/6/2018 9:03:33 AM","1443-01","0","no battery","V"
"08/07/2018","15:18:08","4","default","90137121","O4","1.715","min","195.983","μmol/L","Humid","20.626","deg","123118","µV","27.928","°C","1011.000","hPa","39.0","pmil","0","55.550","deg","20.000","°C","100.000","%a.s.","22.120","deg","20.000","°C","976.000","hPa","0.861","-0.02617","0.00035","0","0","13.56","Humid","66.00","1","45.00","443115.61","SABD0001000008","AAV1.0.0.11","2.1.0.443","PSt7-10","171011-004","6/6/2018 9:03:33 AM","1443-01","0","no battery","V"
"08/07/2018","15:18:09","4","default","90137121","O4","1.732","min","196.062","μmol/L","Humid","20.623","deg","123130","µV","27.924","°C","1011.000","hPa","39.0","pmil","0","55.550","deg","20.000","°C","100.000","%a.s.","22.120","deg","20.000","°C","976.000","hPa","0.861","-0.02617","0.00035","0","0","13.56","Humid","66.00","1","45.00","443146.28","SABD0001000008","AAV1.0.0.11","2.1.0.443","PSt7-10","171011-004","6/6/2018 9:03:33 AM","1443-01","0","no battery","V"
"08/07/2018","15:18:10","4","default","90137121","O4","1.748","min","195.948","μmol/L","Humid","20.627","deg","123135","µV","27.931","°C","1011.000","hPa","39.0","pmil","0","55.550","deg","20.000","°C","100.000","%a.s.","22.120","deg","20.000","°C","976.000","hPa","0.861","-0.02617","0.00035","0","0","13.56","Humid","66.00","1","45.00","443121.79","SABD0001000008","AAV1.0.0.11","2.1.0.443","PSt7-10","171011-004","6/6/2018 9:03:33 AM","1443-01","0","no battery","V"
"08/07/2018","15:18:11","4","default","90137121","O4","1.766","min","196.034","μmol/L","Humid","20.627","deg","123144","µV","27.917","°C","1011.000","hPa","39.0","pmil","0","55.550","deg","20.000","°C","100.000","%a.s.","22.120","deg","20.000","°C","976.000","hPa","0.861","-0.02617","0.00035","0","0","13.56","Humid","66.00","1","45.00","443112.55","SABD0001000008","AAV1.0.0.11","2.1.0.443","PSt7-10","171011-004","6/6/2018 9:03:33 AM","1443-01","0","no battery","V"
"08/07/2018","15:18:12","4","default","90137121","O4","1.782","min","196.056","μmol/L","Humid","20.625","deg","123144","µV","27.919","°C","1011.000","hPa","39.0","pmil","0","55.550","deg","20.000","°C","100.000","%a.s.","22.120","deg","20.000","°C","976.000","hPa","0.861","-0.02617","0.00035","0","0","13.56","Humid","66.00","1","45.00","443110.71","SABD0001000008","AAV1.0.0.11","2.1.0.443","PSt7-10","171011-004","6/6/2018 9:03:33 AM","1443-01","0","no battery","V"
"08/07/2018","15:18:13","4","default","90137121","O4","1.799","min","195.990","μmol/L","Humid","20.627","deg","123150","µV","27.924","°C","1011.000","hPa","39.0","pmil","0","55.550","deg","20.000","°C","100.000","%a.s.","22.120","deg","20.000","°C","976.000","hPa","0.861","-0.02617","0.00035","0","0","13.56","Humid","66.00","1","45.00","443106.89","SABD0001000008","AAV1.0.0.11","2.1.0.443","PSt7-10","171011-004","6/6/2018 9:03:33 AM","1443-01","0","no battery","V"
"08/07/2018","15:18:14","4","default","90137121","O4","1.816","min","195.910","μmol/L","Humid","20.629","deg","123148","µV","27.932","°C","1011.000","hPa","39.0","pmil","0","55.550","deg","20.000","°C","100.000","%a.s.","22.120","deg","20.000","°C","976.000","hPa","0.861","-0.02617","0.00035","0","0","13.56","Humid","66.00","1","45.00","443108.92","SABD0001000008","AAV1.0.0.11","2.1.0.443","PSt7-10","171011-004","6/6/2018 9:03:33 AM","1443-01","0","no battery","V"
"08/07/2018","15:18:15","4","default","90137121","O4","1.832","min","195.780","μmol/L","Humid","20.633","deg","123157","µV","27.942","°C","1011.000","hPa","39.0","pmil","0","55.550","deg","20.000","°C","100.000","%a.s.","22.120","deg","20.000","°C","976.000","hPa","0.861","-0.02617","0.00035","0","0","13.56","Humid","66.00","1","45.00","443118.52","SABD0001000008","AAV1.0.0.11","2.1.0.443","PSt7-10","171011-004","6/6/2018 9:03:33 AM","1443-01","0","no battery","V"
"08/07/2018","15:18:16","4","default","90137121","O4","1.849","min","195.820","μmol/L","Humid","20.629","deg","123165","µV","27.947","°C","1011.000","hPa","39.0","pmil","0","55.550","deg","20.000","°C","100.000","%a.s.","22.120","deg","20.000","°C","976.000","hPa","0.861","-0.02617","0.00035","0","0","13.56","Humid","66.00","1","45.00","443110.44","SABD0001000008","AAV1.0.0.11","2.1.0.443","PSt7-10","171011-004","6/6/2018 9:03:33 AM","1443-01","0","no battery","V"
"08/07/2018","15:18:17","4","default","90137121","O4","1.865","min","195.793","μmol/L","Humid","20.631","deg","123167","µV","27.945","°C","1011.000","hPa","39.0","pmil","0","55.550","deg","20.000","°C","100.000","%a.s.","22.120","deg","20.000","°C","976.000","hPa","0.861","-0.02617","0.00035","0","0","13.56","Humid","66.00","1","45.00","443116.31","SABD0001000008","AAV1.0.0.11","2.1.0.443","PSt7-10","171011-004","6/6/2018 9:03:33 AM","1443-01","0","no battery","V"
"08/07/2018","15:18:18","4","default","90137121","O4","1.882","min","195.795","μmol/L","Humid","20.634","deg","123173","µV","27.936","°C","1011.000","hPa","39.0","pmil","0","55.550","deg","20.000","°C","100.000","%a.s.","22.120","deg","20.000","°C","976.000","hPa","0.861","-0.02617","0.00035","0","0","13.56","Humid","66.00","1","45.00","443073.76","SABD0001000008","AAV1.0.0.11","2.1.0.443","PSt7-10","171011-004","6/6/2018 9:03:33 AM","1443-01","0","no battery","V"
"08/07/2018","15:18:19","4","default","90137121","O4","1.899","min","195.861","μmol/L","Humid","20.633","deg","123185","µV","27.928","°C","1011.000","hPa","39.0","pmil","0","55.550","deg","20.000","°C","100.000","%a.s.","22.120","deg","20.000","°C","976.000","hPa","0.861","-0.02617","0.00035","0","0","13.56","Humid","66.00","1","45.00","443096.35","SABD0001000008","AAV1.0.0.11","2.1.0.443","PSt7-10","171011-004","6/6/2018 9:03:33 AM","1443-01","0","no battery","V"
"08/07/2018","15:18:20","4","default","90137121","O4","1.916","min","195.761","μmol/L","Humid","20.638","deg","123198","µV","27.930","°C","1011.000","hPa","39.0","pmil","0","55.550","deg","20.000","°C","100.000","%a.s.","22.120","deg","20.000","°C","976.000","hPa","0.861","-0.02617","0.00035","0","0","13.56","Humid","66.00","1","45.00","443094.06","SABD0001000008","AAV1.0.0.11","2.1.0.443","PSt7-10","171011-004","6/6/2018 9:03:33 AM","1443-01","0","no battery","V"
"08/07/2018","15:18:21","4","default","90137121","O4","1.932","min","195.844","μmol/L","Humid","20.636","deg","123191","µV","27.922","°C","1011.000","hPa","39.0","pmil","0","55.550","deg","20.000","°C","100.000","%a.s.","22.120","deg","20.000","°C","976.000","hPa","0.861","-0.02617","0.00035","0","0","13.56","Humid","66.00","1","45.00","443087.01","SABD0001000008","AAV1.0.0.11","2.1.0.443","PSt7-10","171011-004","6/6/2018 9:03:33 AM","1443-01","0","no battery","V"
"08/07/2018","15:18:22","4","default","90137121","O4","1.948","min","195.749","μmol/L","Humid","20.639","deg","123202","µV","27.929","°C","1011.000","hPa","39.0","pmil","0","55.550","deg","20.000","°C","100.000","%a.s.","22.120","deg","20.000","°C","976.000","hPa","0.861","-0.02617","0.00035","0","0","13.56","Humid","66.00","1","45.00","443099.88","SABD0001000008","AAV1.0.0.11","2.1.0.443","PSt7-10","171011-004","6/6/2018 9:03:33 AM","1443-01","0","no battery","V"
"08/07/2018","15:18:23","4","default","90137121","O4","1.965","min","195.700","μmol/L","Humid","20.640","deg","123210","µV","27.934","°C","1011.000","hPa","39.0","pmil","0","55.550","deg","20.000","°C","100.000","%a.s.","22.120","deg","20.000","°C","976.000","hPa","0.861","-0.02617","0.00035","0","0","13.56","Humid","66.00","1","45.00","443090.98","SABD0001000008","AAV1.0.0.11","2.1.0.443","PSt7-10","171011-004","6/6/2018 9:03:33 AM","1443-01","0","no battery","V"
"08/07/2018","15:18:24","4","default","90137121","O4","1.982","min","195.663","μmol/L","Humid","20.640","deg","123225","µV","27.941","°C","1011.000","hPa","39.0","pmil","0","55.550","deg","20.000","°C","100.000","%a.s.","22.120","deg","20.000","°C","976.000","hPa","0.861","-0.02617","0.00035","0","0","13.56","Humid","66.00","1","45.00","443097.60","SABD0001000008","AAV1.0.0.11","2.1.0.443","PSt7-10","171011-004","6/6/2018 9:03:33 AM","1443-01","0","no battery","V"
"08/07/2018","15:18:25","4","default","90137121","O4","1.998","min","195.695","μmol/L","Humid","20.642","deg","123221","µV","27.929","°C","1011.000","hPa","39.0","pmil","0","55.550","deg","20.000","°C","100.000","%a.s.","22.120","deg","20.000","°C","976.000","hPa","0.861","-0.02617","0.00035","0","0","13.56","Humid","66.00","1","45.00","443089.70","SABD0001000008","AAV1.0.0.11","2.1.0.443","PSt7-10","171011-004","6/6/2018 9:03:33 AM","1443-01","0","no battery","V"
"08/07/2018","15:18:26","4","default","90137121","O4","2.015","min","195.671","μmol/L","Humid","20.644","deg","123222","µV","27.927","°C","1011.000","hPa","39.0","pmil","0","55.550","deg","20.000","°C","100.000","%a.s.","22.120","deg","20.000","°C","976.000","hPa","0.861","-0.02617","0.00035","0","0","13.56","Humid","66.00","1","45.00","443073.57","SABD0001000008","AAV1.0.0.11","2.1.0.443","PSt7-10","171011-004","6/6/2018 9:03:33 AM","1443-01","0","no battery","V"
"08/07/2018","15:18:27","4","default","90137121","O4","2.032","min","195.659","μmol/L","Humid","20.646","deg","123235","µV","27.924","°C","1011.000","hPa","39.0","pmil","0","55.550","deg","20.000","°C","100.000","%a.s.","22.120","deg","20.000","°C","976.000","hPa","0.861","-0.02617","0.00035","0","0","13.56","Humid","66.00","1","45.00","443083.66","SABD0001000008","AAV1.0.0.11","2.1.0.443","PSt7-10","171011-004","6/6/2018 9:03:33 AM","1443-01","0","no battery","V"
"08/07/2018","15:18:28","4","default","90137121","O4","2.049","min","195.709","μmol/L","Humid","20.644","deg","123241","µV","27.921","°C","1011.000","hPa","39.0","pmil","0","55.550","deg","20.000","°C","100.000","%a.s.","22.120","deg","20.000","°C","976.000","hPa","0.861","-0.02617","0.00035","0","0","13.56","Humid","66.00","1","45.00","443076.57","SABD0001000008","AAV1.0.0.11","2.1.0.443","PSt7-10","171011-004","6/6/2018 9:03:33 AM","1443-01","0","no battery","V"
"08/07/2018","15:18:29","4","default","90137121","O4","2.065","min","195.689","μmol/L","Humid","20.646","deg","123246","µV","27.919","°C","1011.000","hPa","39.0","pmil","0","55.550","deg","20.000","°C","100.000","%a.s.","22.120","deg","20.000","°C","976.000","hPa","0.861","-0.02617","0.00035","0","0","13.56","Humid","66.00","1","45.00","443082.65","SABD0001000008","AAV1.0.0.11","2.1.0.443","PSt7-10","171011-004","6/6/2018 9:03:33 AM","1443-01","0","no battery","V"
"08/07/2018","15:18:30","4","default","90137121","O4","2.082","min","195.684","μmol/L","Humid","20.645","deg","123255","µV","27.922","°C","1011.000","hPa","39.0","pmil","0","55.550","deg","20.000","°C","100.000","%a.s.","22.120","deg","20.000","°C","976.000","hPa","0.861","-0.02617","0.00035","0","0","13.56","Humid","66.00","1","45.00","443087.39","SABD0001000008","AAV1.0.0.11","2.1.0.443","PSt7-10","171011-004","6/6/2018 9:03:33 AM","1443-01","0","no battery","V"
"08/07/2018","15:18:31","4","default","90137121","O4","2.099","min","195.672","μmol/L","Humid","20.650","deg","123254","µV","27.910","°C","1011.000","hPa","39.0","pmil","0","55.550","deg","20.000","°C","100.000","%a.s.","22.120","deg","20.000","°C","976.000","hPa","0.861","-0.02617","0.00035","0","0","13.56","Humid","66.00","1","45.00","443072.99","SABD0001000008","AAV1.0.0.11","2.1.0.443","PSt7-10","171011-004","6/6/2018 9:03:33 AM","1443-01","0","no battery","V"
"08/07/2018","15:18:32","4","default","90137121","O4","2.116","min","195.522","μmol/L","Humid","20.649","deg","123253","µV","27.938","°C","1011.000","hPa","39.0","pmil","0","55.550","deg","20.000","°C","100.000","%a.s.","22.120","deg","20.000","°C","976.000","hPa","0.861","-0.02617","0.00035","0","0","13.56","Humid","66.00","1","45.00","443073.33","SABD0001000008","AAV1.0.0.11","2.1.0.443","PSt7-10","171011-004","6/6/2018 9:03:33 AM","1443-01","0","no battery","V"
"08/07/2018","15:18:33","4","default","90137121","O4","2.132","min","195.523","μmol/L","Humid","20.650","deg","123270","µV","27.935","°C","1011.000","hPa","39.0","pmil","0","55.550","deg","20.000","°C","100.000","%a.s.","22.120","deg","20.000","°C","976.000","hPa","0.861","-0.02617","0.00035","0","0","13.56","Humid","66.00","1","45.00","443091.89","SABD0001000008","AAV1.0.0.11","2.1.0.443","PSt7-10","171011-004","6/6/2018 9:03:33 AM","1443-01","0","no battery","V"
"08/07/2018","15:18:34","4","default","90137121","O4","2.149","min","195.513","μmol/L","Humid","20.651","deg","123278","µV","27.934","°C","1011.000","hPa","39.0","pmil","0","55.550","deg","20.000","°C","100.000","%a.s.","22.120","deg","20.000","°C","976.000","hPa","0.861","-0.02617","0.00035","0","0","13.56","Humid","66.00","1","45.00","443075.75","SABD0001000008","AAV1.0.0.11","2.1.0.443","PSt7-10","171011-004","6/6/2018 9:03:33 AM","1443-01","0","no battery","V"
"08/07/2018","15:18:35","4","default","90137121","O4","2.166","min","195.491","μmol/L","Humid","20.653","deg","123287","µV","27.931","°C","1011.000","hPa","39.0","pmil","0","55.550","deg","20.000","°C","100.000","%a.s.","22.120","deg","20.000","°C","976.000","hPa","0.861","-0.02617","0.00035","0","0","13.56","Humid","66.00","1","45.00","443087.56","SABD0001000008","AAV1.0.0.11","2.1.0.443","PSt7-10","171011-004","6/6/2018 9:03:33 AM","1443-01","0","no battery","V"
"08/07/2018","15:18:36","4","default","90137121","O4","2.182","min","195.471","μmol/L","Humid","20.655","deg","123294","µV","27.929","°C","1011.000","hPa","39.0","pmil","0","55.550","deg","20.000","°C","100.000","%a.s.","22.120","deg","20.000","°C","976.000","hPa","0.861","-0.02617","0.00035","0","0","13.56","Humid","66.00","1","45.00","443075.69","SABD0001000008","AAV1.0.0.11","2.1.0.443","PSt7-10","171011-004","6/6/2018 9:03:33 AM","1443-01","0","no battery","V"
"08/07/2018","15:18:37","4","default","90137121","O4","2.199","min","195.388","μmol/L","Humid","20.658","deg","123293","µV","27.934","°C","1011.000","hPa","39.0","pmil","0","55.550","deg","20.000","°C","100.000","%a.s.","22.120","deg","20.000","°C","976.000","hPa","0.861","-0.02617","0.00035","0","0","13.56","Humid","66.00","1","45.00","443069.44","SABD0001000008","AAV1.0.0.11","2.1.0.443","PSt7-10","171011-004","6/6/2018 9:03:33 AM","1443-01","0","no battery","V"
"08/07/2018","15:18:38","4","default","90137121","O4","2.216","min","195.443","μmol/L","Humid","20.657","deg","123308","µV","27.928","°C","1011.000","hPa","39.0","pmil","0","55.550","deg","20.000","°C","100.000","%a.s.","22.120","deg","20.000","°C","976.000","hPa","0.861","-0.02617","0.00035","0","0","13.56","Humid","66.00","1","45.00","443070.52","SABD0001000008","AAV1.0.0.11","2.1.0.443","PSt7-10","171011-004","6/6/2018 9:03:33 AM","1443-01","0","no battery","V"
"08/07/2018","15:18:39","4","default","90137121","O4","2.232","min","195.440","μmol/L","Humid","20.658","deg","123298","µV","27.925","°C","1011.000","hPa","39.0","pmil","0","55.550","deg","20.000","°C","100.000","%a.s.","22.120","deg","20.000","°C","976.000","hPa","0.861","-0.02617","0.00035","0","0","13.56","Humid","66.00","1","45.00","443047.93","SABD0001000008","AAV1.0.0.11","2.1.0.443","PSt7-10","171011-004","6/6/2018 9:03:33 AM","1443-01","0","no battery","V"
"08/07/2018","15:18:40","4","default","90137121","O4","2.249","min","195.496","μmol/L","Humid","20.654","deg","123318","µV","27.927","°C","1011.000","hPa","39.0","pmil","0","55.550","deg","20.000","°C","100.000","%a.s.","22.120","deg","20.000","°C","976.000","hPa","0.861","-0.02617","0.00035","0","0","13.56","Humid","66.00","1","45.00","443084.77","SABD0001000008","AAV1.0.0.11","2.1.0.443","PSt7-10","171011-004","6/6/2018 9:03:33 AM","1443-01","0","no battery","V"
"08/07/2018","15:18:41","4","default","90137121","O4","2.265","min","195.384","μmol/L","Humid","20.660","deg","123320","µV","27.929","°C","1011.000","hPa","39.0","pmil","0","55.550","deg","20.000","°C","100.000","%a.s.","22.120","deg","20.000","°C","976.000","hPa","0.861","-0.02617","0.00035","0","0","13.56","Humid","66.00","1","45.00","443058.30","SABD0001000008","AAV1.0.0.11","2.1.0.443","PSt7-10","171011-004","6/6/2018 9:03:33 AM","1443-01","0","no battery","V"
"08/07/2018","15:18:42","4","default","90137121","O4","2.282","min","195.251","μmol/L","Humid","20.661","deg","123331","µV","27.948","°C","1011.000","hPa","39.0","pmil","0","55.550","deg","20.000","°C","100.000","%a.s.","22.120","deg","20.000","°C","976.000","hPa","0.861","-0.02617","0.00035","0","0","13.56","Humid","66.00","1","45.00","443071.42","SABD0001000008","AAV1.0.0.11","2.1.0.443","PSt7-10","171011-004","6/6/2018 9:03:33 AM","1443-01","0","no battery","V"
"08/07/2018","15:18:43","4","default","90137121","O4","2.299","min","195.288","μmol/L","Humid","20.664","deg","123335","µV","27.933","°C","1011.000","hPa","39.0","pmil","0","55.550","deg","20.000","°C","100.000","%a.s.","22.120","deg","20.000","°C","976.000","hPa","0.861","-0.02617","0.00035","0","0","13.56","Humid","66.00","1","45.00","443068.86","SABD0001000008","AAV1.0.0.11","2.1.0.443","PSt7-10","171011-004","6/6/2018 9:03:33 AM","1443-01","0","no battery","V"
"08/07/2018","15:18:44","4","default","90137121","O4","2.315","min","195.378","μmol/L","Humid","20.664","deg","123331","µV","27.918","°C","1011.000","hPa","39.0","pmil","0","55.550","deg","20.000","°C","100.000","%a.s.","22.120","deg","20.000","°C","976.000","hPa","0.861","-0.02617","0.00035","0","0","13.56","Humid","66.00","1","45.00","443056.32","SABD0001000008","AAV1.0.0.11","2.1.0.443","PSt7-10","171011-004","6/6/2018 9:03:33 AM","1443-01","0","no battery","V"
"08/07/2018","15:18:45","4","default","90137121","O4","2.332","min","195.374","μmol/L","Humid","20.666","deg","123336","µV","27.913","°C","1011.000","hPa","39.0","pmil","0","55.550","deg","20.000","°C","100.000","%a.s.","22.120","deg","20.000","°C","976.000","hPa","0.861","-0.02617","0.00035","0","0","13.56","Humid","66.00","1","45.00","443062.76","SABD0001000008","AAV1.0.0.11","2.1.0.443","PSt7-10","171011-004","6/6/2018 9:03:33 AM","1443-01","0","no battery","V"
"08/07/2018","15:18:46","4","default","90137121","O4","2.349","min","195.309","μmol/L","Humid","20.668","deg","123345","µV","27.918","°C","1011.000","hPa","39.0","pmil","0","55.550","deg","20.000","°C","100.000","%a.s.","22.120","deg","20.000","°C","976.000","hPa","0.861","-0.02617","0.00035","0","0","13.56","Humid","66.00","1","45.00","443045.66","SABD0001000008","AAV1.0.0.11","2.1.0.443","PSt7-10","171011-004","6/6/2018 9:03:33 AM","1443-01","0","no battery","V"
"08/07/2018","15:18:47","4","default","90137121","O4","2.365","min","195.265","μmol/L","Humid","20.667","deg","123342","µV","27.928","°C","1011.000","hPa","39.0","pmil","0","55.550","deg","20.000","°C","100.000","%a.s.","22.120","deg","20.000","°C","976.000","hPa","0.861","-0.02617","0.00035","0","0","13.56","Humid","66.00","1","45.00","443039.19","SABD0001000008","AAV1.0.0.11","2.1.0.443","PSt7-10","171011-004","6/6/2018 9:03:33 AM","1443-01","0","no battery","V"
"08/07/2018","15:18:48","4","default","90137121","O4","2.382","min","195.360","μmol/L","Humid","20.664","deg","123366","µV","27.921","°C","1011.000","hPa","39.0","pmil","0","55.550","deg","20.000","°C","100.000","%a.s.","22.120","deg","20.000","°C","976.000","hPa","0.861","-0.02617","0.00035","0","0","13.56","Humid","66.00","1","45.00","443042.77","SABD0001000008","AAV1.0.0.11","2.1.0.443","PSt7-10","171011-004","6/6/2018 9:03:33 AM","1443-01","0","no battery","V"
"08/07/2018","15:18:49","4","default","90137121","O4","2.399","min","195.340","μmol/L","Humid","20.665","deg","123377","µV","27.921","°C","1011.000","hPa","39.0","pmil","0","55.550","deg","20.000","°C","100.000","%a.s.","22.120","deg","20.000","°C","976.000","hPa","0.861","-0.02617","0.00035","0","0","13.56","Humid","66.00","1","45.00","443067.81","SABD0001000008","AAV1.0.0.11","2.1.0.443","PSt7-10","171011-004","6/6/2018 9:03:33 AM","1443-01","0","no battery","V"
"08/07/2018","15:18:50","4","default","90137121","O4","2.416","min","195.213","μmol/L","Humid","20.672","deg","123382","µV","27.922","°C","1011.000","hPa","39.0","pmil","0","55.550","deg","20.000","°C","100.000","%a.s.","22.120","deg","20.000","°C","976.000","hPa","0.861","-0.02617","0.00035","0","0","13.56","Humid","66.00","1","45.00","443058.28","SABD0001000008","AAV1.0.0.11","2.1.0.443","PSt7-10","171011-004","6/6/2018 9:03:33 AM","1443-01","0","no battery","V"
"08/07/2018","15:18:51","4","default","90137121","O4","2.432","min","195.296","μmol/L","Humid","20.668","deg","123377","µV","27.920","°C","1011.000","hPa","39.0","pmil","0","55.550","deg","20.000","°C","100.000","%a.s.","22.120","deg","20.000","°C","976.000","hPa","0.861","-0.02617","0.00035","0","0","13.56","Humid","66.00","1","45.00","443050.43","SABD0001000008","AAV1.0.0.11","2.1.0.443","PSt7-10","171011-004","6/6/2018 9:03:33 AM","1443-01","0","no battery","V"
"08/07/2018","15:18:52","4","default","90137121","O4","2.449","min","195.124","μmol/L","Humid","20.671","deg","123389","µV","27.940","°C","1011.000","hPa","39.0","pmil","0","55.550","deg","20.000","°C","100.000","%a.s.","22.120","deg","20.000","°C","976.000","hPa","0.861","-0.02617","0.00035","0","0","13.56","Humid","66.00","1","45.00","443052.16","SABD0001000008","AAV1.0.0.11","2.1.0.443","PSt7-10","171011-004","6/6/2018 9:03:33 AM","1443-01","0","no battery","V"
"08/07/2018","15:18:53","4","default","90137121","O4","2.465","min","195.209","μmol/L","Humid","20.669","deg","123389","µV","27.932","°C","1011.000","hPa","39.0","pmil","0","55.550","deg","20.000","°C","100.000","%a.s.","22.120","deg","20.000","°C","976.000","hPa","0.861","-0.02617","0.00035","0","0","13.56","Humid","66.00","1","45.00","443040.87","SABD0001000008","AAV1.0.0.11","2.1.0.443","PSt7-10","171011-004","6/6/2018 9:03:33 AM","1443-01","0","no battery","V"
"08/07/2018","15:18:54","4","default","90137121","O4","2.482","min","195.126","μmol/L","Humid","20.673","deg","123389","µV","27.934","°C","1011.000","hPa","39.0","pmil","0","55.550","deg","20.000","°C","100.000","%a.s.","22.120","deg","20.000","°C","976.000","hPa","0.861","-0.02617","0.00035","0","0","13.56","Humid","66.00","1","45.00","443038.94","SABD0001000008","AAV1.0.0.11","2.1.0.443","PSt7-10","171011-004","6/6/2018 9:03:33 AM","1443-01","0","no battery","V"
"08/07/2018","15:18:55","4","default","90137121","O4","2.499","min","195.119","μmol/L","Humid","20.674","deg","123397","µV","27.932","°C","1011.000","hPa","39.0","pmil","0","55.550","deg","20.000","°C","100.000","%a.s.","22.120","deg","20.000","°C","976.000","hPa","0.861","-0.02617","0.00035","0","0","13.56","Humid","66.00","1","45.00","443028.35","SABD0001000008","AAV1.0.0.11","2.1.0.443","PSt7-10","171011-004","6/6/2018 9:03:33 AM","1443-01","0","no battery","V"
"08/07/2018","15:18:56","4","default","90137121","O4","2.516","min","195.183","μmol/L","Humid","20.672","deg","123403","µV","27.927","°C","1011.000","hPa","39.0","pmil","0","55.550","deg","20.000","°C","100.000","%a.s.","22.120","deg","20.000","°C","976.000","hPa","0.861","-0.02617","0.00035","0","0","13.56","Humid","66.00","1","45.00","443032.55","SABD0001000008","AAV1.0.0.11","2.1.0.443","PSt7-10","171011-004","6/6/2018 9:03:33 AM","1443-01","0","no battery","V"
"08/07/2018","15:18:57","4","default","90137121","O4","2.532","min","195.107","μmol/L","Humid","20.675","deg","123401","µV","27.931","°C","1011.000","hPa","39.0","pmil","0","55.550","deg","20.000","°C","100.000","%a.s.","22.120","deg","20.000","°C","976.000","hPa","0.861","-0.02617","0.00035","0","0","13.56","Humid","66.00","1","45.00","443043.84","SABD0001000008","AAV1.0.0.11","2.1.0.443","PSt7-10","171011-004","6/6/2018 9:03:33 AM","1443-01","0","no battery","V"
"08/07/2018","15:18:58","4","default","90137121","O4","2.549","min","195.105","μmol/L","Humid","20.673","deg","123420","µV","27.937","°C","1011.000","hPa","39.0","pmil","0","55.550","deg","20.000","°C","100.000","%a.s.","22.120","deg","20.000","°C","976.000","hPa","0.861","-0.02617","0.00035","0","0","13.56","Humid","66.00","1","45.00","443050.90","SABD0001000008","AAV1.0.0.11","2.1.0.443","PSt7-10","171011-004","6/6/2018 9:03:33 AM","1443-01","0","no battery","V"
"08/07/2018","15:18:59","4","default","90137121","O4","2.565","min","195.117","μmol/L","Humid","20.678","deg","123415","µV","27.921","°C","1011.000","hPa","39.0","pmil","0","55.550","deg","20.000","°C","100.000","%a.s.","22.120","deg","20.000","°C","976.000","hPa","0.861","-0.02617","0.00035","0","0","13.56","Humid","66.00","1","45.00","443030.26","SABD0001000008","AAV1.0.0.11","2.1.0.443","PSt7-10","171011-004","6/6/2018 9:03:33 AM","1443-01","0","no battery","V"
"08/07/2018","15:19:00","4","default","90137121","O4","2.582","min","195.107","μmol/L","Humid","20.678","deg","123424","µV","27.922","°C","1011.000","hPa","39.0","pmil","0","55.550","deg","20.000","°C","100.000","%a.s.","22.120","deg","20.000","°C","976.000","hPa","0.861","-0.02617","0.00035","0","0","13.56","Humid","66.00","1","45.00","443032.13","SABD0001000008","AAV1.0.0.11","2.1.0.443","PSt7-10","171011-004","6/6/2018 9:03:33 AM","1443-01","0","no battery","V"
"08/07/2018","15:19:01","4","default","90137121","O4","2.598","min","194.909","μmol/L","Humid","20.681","deg","123435","µV","27.947","°C","1011.000","hPa","39.0","pmil","0","55.550","deg","20.000","°C","100.000","%a.s.","22.120","deg","20.000","°C","976.000","hPa","0.861","-0.02617","0.00035","0","0","13.56","Humid","66.00","1","45.00","443024.86","SABD0001000008","AAV1.0.0.11","2.1.0.443","PSt7-10","171011-004","6/6/2018 9:03:33 AM","1443-01","0","no battery","V"
"08/07/2018","15:19:02","4","default","90137121","O4","2.616","min","194.912","μmol/L","Humid","20.683","deg","123444","µV","27.941","°C","1011.000","hPa","39.0","pmil","0","55.550","deg","20.000","°C","100.000","%a.s.","22.120","deg","20.000","°C","976.000","hPa","0.861","-0.02617","0.00035","0","0","13.56","Humid","66.00","1","45.00","443049.18","SABD0001000008","AAV1.0.0.11","2.1.0.443","PSt7-10","171011-004","6/6/2018 9:03:33 AM","1443-01","0","no battery","V"
"08/07/2018","15:19:03","4","default","90137121","O4","2.632","min","194.982","μmol/L","Humid","20.681","deg","123442","µV","27.935","°C","1011.000","hPa","39.0","pmil","0","55.550","deg","20.000","°C","100.000","%a.s.","22.120","deg","20.000","°C","976.000","hPa","0.861","-0.02617","0.00035","0","0","13.56","Humid","66.00","1","45.00","443046.94","SABD0001000008","AAV1.0.0.11","2.1.0.443","PSt7-10","171011-004","6/6/2018 9:03:33 AM","1443-01","0","no battery","V"
"08/07/2018","15:19:04","4","default","90137121","O4","2.649","min","195.041","μmol/L","Humid","20.683","deg","123445","µV","27.919","°C","1011.000","hPa","39.0","pmil","0","55.550","deg","20.000","°C","100.000","%a.s.","22.120","deg","20.000","°C","976.000","hPa","0.861","-0.02617","0.00035","0","0","13.56","Humid","66.00","1","45.00","443026.23","SABD0001000008","AAV1.0.0.11","2.1.0.443","PSt7-10","171011-004","6/6/2018 9:03:33 AM","1443-01","0","no battery","V"
"08/07/2018","15:19:05","4","default","90137121","O4","2.666","min","195.105","μmol/L","Humid","20.681","deg","123454","µV","27.914","°C","1011.000","hPa","39.0","pmil","0","55.550","deg","20.000","°C","100.000","%a.s.","22.120","deg","20.000","°C","976.000","hPa","0.861","-0.02617","0.00035","0","0","13.56","Humid","66.00","1","45.00","443035.26","SABD0001000008","AAV1.0.0.11","2.1.0.443","PSt7-10","171011-004","6/6/2018 9:03:33 AM","1443-01","0","no battery","V"
"08/07/2018","15:19:06","4","default","90137121","O4","2.682","min","194.923","μmol/L","Humid","20.685","deg","123456","µV","27.933","°C","1011.000","hPa","39.0","pmil","0","55.550","deg","20.000","°C","100.000","%a.s.","22.120","deg","20.000","°C","976.000","hPa","0.861","-0.02617","0.00035","0","0","13.56","Humid","66.00","1","45.00","443005.70","SABD0001000008","AAV1.0.0.11","2.1.0.443","PSt7-10","171011-004","6/6/2018 9:03:33 AM","1443-01","0","no battery","V"
"08/07/2018","15:19:07","4","default","90137121","O4","2.699","min","194.899","μmol/L","Humid","20.688","deg","123469","µV","27.928","°C","1011.000","hPa","39.0","pmil","0","55.550","deg","20.000","°C","100.000","%a.s.","22.120","deg","20.000","°C","976.000","hPa","0.861","-0.02617","0.00035","0","0","13.56","Humid","66.00","1","45.00","443020.38","SABD0001000008","AAV1.0.0.11","2.1.0.443","PSt7-10","171011-004","6/6/2018 9:03:33 AM","1443-01","0","no battery","V"
"08/07/2018","15:19:08","4","default","90137121","O4","2.715","min","194.916","μmol/L","Humid","20.687","deg","123471","µV","27.928","°C","1011.000","hPa","39.0","pmil","0","55.550","deg","20.000","°C","100.000","%a.s.","22.120","deg","20.000","°C","976.000","hPa","0.861","-0.02617","0.00035","0","0","13.56","Humid","66.00","1","45.00","443032.97","SABD0001000008","AAV1.0.0.11","2.1.0.443","PSt7-10","171011-004","6/6/2018 9:03:33 AM","1443-01","0","no battery","V"
"08/07/2018","15:19:09","4","default","90137121","O4","2.732","min","194.955","μmol/L","Humid","20.687","deg","123478","µV","27.921","°C","1011.000","hPa","39.0","pmil","0","55.550","deg","20.000","°C","100.000","%a.s.","22.120","deg","20.000","°C","976.000","hPa","0.861","-0.02617","0.00035","0","0","13.56","Humid","66.00","1","45.00","443016.87","SABD0001000008","AAV1.0.0.11","2.1.0.443","PSt7-10","171011-004","6/6/2018 9:03:33 AM","1443-01","0","no battery","V"
"08/07/2018","15:19:10","4","default","90137121","O4","2.748","min","194.974","μmol/L","Humid","20.688","deg","123474","µV","27.915","°C","1011.000","hPa","39.0","pmil","0","55.550","deg","20.000","°C","100.000","%a.s.","22.120","deg","20.000","°C","976.000","hPa","0.861","-0.02617","0.00035","0","0","13.56","Humid","66.00","1","45.00","443021.25","SABD0001000008","AAV1.0.0.11","2.1.0.443","PSt7-10","171011-004","6/6/2018 9:03:33 AM","1443-01","0","no battery","V"
"08/07/2018","15:19:11","4","default","90137121","O4","2.765","min","194.763","μmol/L","Humid","20.691","deg","123490","µV","27.942","°C","1011.000","hPa","39.0","pmil","0","55.550","deg","20.000","°C","100.000","%a.s.","22.120","deg","20.000","°C","976.000","hPa","0.861","-0.02617","0.00035","0","0","13.56","Humid","66.00","1","45.00","443031.52","SABD0001000008","AAV1.0.0.11","2.1.0.443","PSt7-10","171011-004","6/6/2018 9:03:33 AM","1443-01","0","no battery","V"
"08/07/2018","15:19:12","4","default","90137121","O4","2.782","min","194.784","μmol/L","Humid","20.690","deg","123494","µV","27.942","°C","1011.000","hPa","39.0","pmil","0","55.550","deg","20.000","°C","100.000","%a.s.","22.120","deg","20.000","°C","976.000","hPa","0.861","-0.02617","0.00035","0","0","13.56","Humid","66.00","1","45.00","443010.44","SABD0001000008","AAV1.0.0.11","2.1.0.443","PSt7-10","171011-004","6/6/2018 9:03:33 AM","1443-01","0","no battery","V"
"08/07/2018","15:19:13","4","default","90137121","O4","2.799","min","194.732","μmol/L","Humid","20.691","deg","123490","µV","27.948","°C","1011.000","hPa","39.0","pmil","0","55.550","deg","20.000","°C","100.000","%a.s.","22.120","deg","20.000","°C","976.000","hPa","0.861","-0.02617","0.00035","0","0","13.56","Humid","66.00","1","45.00","443018.49","SABD0001000008","AAV1.0.0.11","2.1.0.443","PSt7-10","171011-004","6/6/2018 9:03:33 AM","1443-01","0","no battery","V"
"08/07/2018","15:19:14","4","default","90137121","O4","2.815","min","194.871","μmol/L","Humid","20.691","deg","123491","µV","27.924","°C","1011.000","hPa","39.0","pmil","0","55.550","deg","20.000","°C","100.000","%a.s.","22.120","deg","20.000","°C","976.000","hPa","0.861","-0.02617","0.00035","0","0","13.56","Humid","66.00","1","45.00","443011.14","SABD0001000008","AAV1.0.0.11","2.1.0.443","PSt7-10","171011-004","6/6/2018 9:03:33 AM","1443-01","0","no battery","V"
"08/07/2018","15:19:15","4","default","90137121","O4","2.832","min","194.804","μmol/L","Humid","20.692","deg","123504","µV","27.932","°C","1011.000","hPa","39.0","pmil","0","55.550","deg","20.000","°C","100.000","%a.s.","22.120","deg","20.000","°C","976.000","hPa","0.861","-0.02617","0.00035","0","0","13.56","Humid","66.00","1","45.00","443034.12","SABD0001000008","AAV1.0.0.11","2.1.0.443","PSt7-10","171011-004","6/6/2018 9:03:33 AM","1443-01","0","no battery","V"
"08/07/2018","15:19:16","4","default","90137121","O4","2.849","min","194.710","μmol/L","Humid","20.695","deg","123512","µV","27.939","°C","1011.000","hPa","39.0","pmil","0","55.550","deg","20.000","°C","100.000","%a.s.","22.120","deg","20.000","°C","976.000","hPa","0.861","-0.02617","0.00035","0","0","13.56","Humid","66.00","1","45.00","443016.55","SABD0001000008","AAV1.0.0.11","2.1.0.443","PSt7-10","171011-004","6/6/2018 9:03:33 AM","1443-01","0","no battery","V"
"08/07/2018","15:19:17","4","default","90137121","O4","2.865","min","194.773","μmol/L","Humid","20.694","deg","123509","µV","27.932","°C","1011.000","hPa","39.0","pmil","0","55.550","deg","20.000","°C","100.000","%a.s.","22.120","deg","20.000","°C","976.000","hPa","0.861","-0.02617","0.00035","0","0","13.56","Humid","66.00","1","45.00","443012.12","SABD0001000008","AAV1.0.0.11","2.1.0.443","PSt7-10","171011-004","6/6/2018 9:03:33 AM","1443-01","0","no battery","V"
"08/07/2018","15:19:18","4","default","90137121","O4","2.882","min","194.783","μmol/L","Humid","20.693","deg","123524","µV","27.933","°C","1011.000","hPa","39.0","pmil","0","55.550","deg","20.000","°C","100.000","%a.s.","22.120","deg","20.000","°C","976.000","hPa","0.861","-0.02617","0.00035","0","0","13.56","Humid","66.00","1","45.00","443021.13","SABD0001000008","AAV1.0.0.11","2.1.0.443","PSt7-10","171011-004","6/6/2018 9:03:33 AM","1443-01","0","no battery","V"
"08/07/2018","15:19:19","4","default","90137121","O4","2.899","min","194.774","μmol/L","Humid","20.695","deg","123523","µV","27.929","°C","1011.000","hPa","39.0","pmil","0","55.550","deg","20.000","°C","100.000","%a.s.","22.120","deg","20.000","°C","976.000","hPa","0.861","-0.02617","0.00035","0","0","13.56","Humid","66.00","1","45.00","443013.88","SABD0001000008","AAV1.0.0.11","2.1.0.443","PSt7-10","171011-004","6/6/2018 9:03:33 AM","1443-01","0","no battery","V"
"08/07/2018","15:19:20","4","default","90137121","O4","2.916","min","194.736","μmol/L","Humid","20.695","deg","123528","µV","27.935","°C","1011.000","hPa","39.0","pmil","0","55.550","deg","20.000","°C","100.000","%a.s.","22.120","deg","20.000","°C","976.000","hPa","0.861","-0.02617","0.00035","0","0","13.56","Humid","66.00","1","45.00","443007.59","SABD0001000008","AAV1.0.0.11","2.1.0.443","PSt7-10","171011-004","6/6/2018 9:03:33 AM","1443-01","0","no battery","V"
"08/07/2018","15:19:21","4","default","90137121","O4","2.933","min","194.758","μmol/L","Humid","20.697","deg","123526","µV","27.925","°C","1011.000","hPa","39.0","pmil","0","55.550","deg","20.000","°C","100.000","%a.s.","22.120","deg","20.000","°C","976.000","hPa","0.861","-0.02617","0.00035","0","0","13.56","Humid","66.00","1","45.00","443005.47","SABD0001000008","AAV1.0.0.11","2.1.0.443","PSt7-10","171011-004","6/6/2018 9:03:33 AM","1443-01","0","no battery","V"
"08/07/2018","15:19:22","4","default","90137121","O4","2.949","min","194.824","μmol/L","Humid","20.698","deg","123530","µV","27.911","°C","1011.000","hPa","39.0","pmil","0","55.550","deg","20.000","°C","100.000","%a.s.","22.120","deg","20.000","°C","976.000","hPa","0.861","-0.02617","0.00035","0","0","13.56","Humid","66.00","1","45.00","443008.09","SABD0001000008","AAV1.0.0.11","2.1.0.443","PSt7-10","171011-004","6/6/2018 9:03:33 AM","1443-01","0","no battery","V"
"08/07/2018","15:19:23","4","default","90137121","O4","2.965","min","194.749","μmol/L","Humid","20.699","deg","123538","µV","27.921","°C","1011.000","hPa","39.0","pmil","0","55.550","deg","20.000","°C","100.000","%a.s.","22.120","deg","20.000","°C","976.000","hPa","0.861","-0.02617","0.00035","0","0","13.56","Humid","66.00","1","45.00","442991.32","SABD0001000008","AAV1.0.0.11","2.1.0.443","PSt7-10","171011-004","6/6/2018 9:03:33 AM","1443-01","0","no battery","V"
"08/07/2018","15:19:24","4","default","90137121","O4","2.982","min","194.770","μmol/L","Humid","20.699","deg","123540","µV","27.917","°C","1011.000","hPa","39.0","pmil","0","55.550","deg","20.000","°C","100.000","%a.s.","22.120","deg","20.000","°C","976.000","hPa","0.861","-0.02617","0.00035","0","0","13.56","Humid","66.00","1","45.00","442985.91","SABD0001000008","AAV1.0.0.11","2.1.0.443","PSt7-10","171011-004","6/6/2018 9:03:33 AM","1443-01","0","no battery","V"
"08/07/2018","15:19:25","4","default","90137121","O4","2.999","min","194.644","μmol/L","Humid","20.703","deg","123555","µV","27.927","°C","1011.000","hPa","39.0","pmil","0","55.550","deg","20.000","°C","100.000","%a.s.","22.120","deg","20.000","°C","976.000","hPa","0.861","-0.02617","0.00035","0","0","13.56","Humid","66.00","1","45.00","442987.79","SABD0001000008","AAV1.0.0.11","2.1.0.443","PSt7-10","171011-004","6/6/2018 9:03:33 AM","1443-01","0","no battery","V"
"08/07/2018","15:19:26","4","default","90137121","O4","3.015","min","194.565","μmol/L","Humid","20.702","deg","123559","µV","27.943","°C","1011.000","hPa","39.0","pmil","0","55.550","deg","20.000","°C","100.000","%a.s.","22.120","deg","20.000","°C","976.000","hPa","0.861","-0.02617","0.00035","0","0","13.56","Humid","66.00","1","45.00","442996.34","SABD0001000008","AAV1.0.0.11","2.1.0.443","PSt7-10","171011-004","6/6/2018 9:03:33 AM","1443-01","0","no battery","V"
"08/07/2018","15:19:27","4","default","90137121","O4","3.032","min","194.609","μmol/L","Humid","20.705","deg","123555","µV","27.927","°C","1011.000","hPa","39.0","pmil","0","55.550","deg","20.000","°C","100.000","%a.s.","22.120","deg","20.000","°C","976.000","hPa","0.861","-0.02617","0.00035","0","0","13.56","Humid","66.00","1","45.00","442982.05","SABD0001000008","AAV1.0.0.11","2.1.0.443","PSt7-10","171011-004","6/6/2018 9:03:33 AM","1443-01","0","no battery","V"
"08/07/2018","15:19:28","4","default","90137121","O4","3.049","min","194.725","μmol/L","Humid","20.704","deg","123556","µV","27.910","°C","1011.000","hPa","39.0","pmil","0","55.550","deg","20.000","°C","100.000","%a.s.","22.120","deg","20.000","°C","976.000","hPa","0.861","-0.02617","0.00035","0","0","13.56","Humid","66.00","1","45.00","442977.05","SABD0001000008","AAV1.0.0.11","2.1.0.443","PSt7-10","171011-004","6/6/2018 9:03:33 AM","1443-01","0","no battery","V"
"08/07/2018","15:19:29","4","default","90137121","O4","3.066","min","194.526","μmol/L","Humid","20.705","deg","123563","µV","27.941","°C","1011.000","hPa","39.0","pmil","0","55.550","deg","20.000","°C","100.000","%a.s.","22.120","deg","20.000","°C","976.000","hPa","0.861","-0.02617","0.00035","0","0","13.56","Humid","66.00","1","45.00","442984.08","SABD0001000008","AAV1.0.0.11","2.1.0.443","PSt7-10","171011-004","6/6/2018 9:03:33 AM","1443-01","0","no battery","V"
"08/07/2018","15:19:30","4","default","90137121","O4","3.082","min","194.524","μmol/L","Humid","20.706","deg","123571","µV","27.939","°C","1011.000","hPa","39.0","pmil","0","55.550","deg","20.000","°C","100.000","%a.s.","22.120","deg","20.000","°C","976.000","hPa","0.861","-0.02617","0.00035","0","0","13.56","Humid","66.00","1","45.00","442994.86","SABD0001000008","AAV1.0.0.11","2.1.0.443","PSt7-10","171011-004","6/6/2018 9:03:33 AM","1443-01","0","no battery","V"
"08/07/2018","15:19:31","4","default","90137121","O4","3.099","min","194.464","μmol/L","Humid","20.709","deg","123575","µV","27.940","°C","1011.000","hPa","39.0","pmil","0","55.550","deg","20.000","°C","100.000","%a.s.","22.120","deg","20.000","°C","976.000","hPa","0.861","-0.02617","0.00035","0","0","13.56","Humid","66.00","1","45.00","442981.38","SABD0001000008","AAV1.0.0.11","2.1.0.443","PSt7-10","171011-004","6/6/2018 9:03:33 AM","1443-01","0","no battery","V"
"08/07/2018","15:19:32","4","default","90137121","O4","3.115","min","194.573","μmol/L","Humid","20.707","deg","123588","µV","27.927","°C","1011.000","hPa","39.0","pmil","0","55.550","deg","20.000","°C","100.000","%a.s.","22.120","deg","20.000","°C","976.000","hPa","0.861","-0.02617","0.00035","0","0","13.56","Humid","66.00","1","45.00","442987.73","SABD0001000008","AAV1.0.0.11","2.1.0.443","PSt7-10","171011-004","6/6/2018 9:03:33 AM","1443-01","0","no battery","V"
"08/07/2018","15:19:33","4","default","90137121","O4","3.132","min","194.532","μmol/L","Humid","20.708","deg","123596","µV","27.931","°C","1011.000","hPa","39.0","pmil","0","55.550","deg","20.000","°C","100.000","%a.s.","22.120","deg","20.000","°C","976.000","hPa","0.861","-0.02617","0.00035","0","0","13.56","Humid","66.00","1","45.00","442986.80","SABD0001000008","AAV1.0.0.11","2.1.0.443","PSt7-10","171011-004","6/6/2018 9:03:33 AM","1443-01","0","no battery","V"
"08/07/2018","15:19:34","4","default","90137121","O4","3.149","min","194.610","μmol/L","Humid","20.706","deg","123595","µV","27.924","°C","1011.000","hPa","39.0","pmil","0","55.550","deg","20.000","°C","100.000","%a.s.","22.120","deg","20.000","°C","976.000","hPa","0.861","-0.02617","0.00035","0","0","13.56","Humid","66.00","1","45.00","442985.95","SABD0001000008","AAV1.0.0.11","2.1.0.443","PSt7-10","171011-004","6/6/2018 9:03:33 AM","1443-01","0","no battery","V"
"08/07/2018","15:19:35","4","default","90137121","O4","3.165","min","194.561","μmol/L","Humid","20.709","deg","123605","µV","27.923","°C","1011.000","hPa","39.0","pmil","0","55.550","deg","20.000","°C","100.000","%a.s.","22.120","deg","20.000","°C","976.000","hPa","0.861","-0.02617","0.00035","0","0","13.56","Humid","66.00","1","45.00","442974.86","SABD0001000008","AAV1.0.0.11","2.1.0.443","PSt7-10","171011-004","6/6/2018 9:03:33 AM","1443-01","0","no battery","V"
"08/07/2018","15:19:36","4","default","90137121","O4","3.182","min","194.475","μmol/L","Humid","20.711","deg","123617","µV","27.932","°C","1011.000","hPa","39.0","pmil","0","55.550","deg","20.000","°C","100.000","%a.s.","22.120","deg","20.000","°C","976.000","hPa","0.861","-0.02617","0.00035","0","0","13.56","Humid","66.00","1","45.00","442994.08","SABD0001000008","AAV1.0.0.11","2.1.0.443","PSt7-10","171011-004","6/6/2018 9:03:33 AM","1443-01","0","no battery","V"
"08/07/2018","15:19:37","4","default","90137121","O4","3.198","min","194.434","μmol/L","Humid","20.713","deg","123618","µV","27.933","°C","1011.000","hPa","39.0","pmil","0","55.550","deg","20.000","°C","100.000","%a.s.","22.120","deg","20.000","°C","976.000","hPa","0.861","-0.02617","0.00035","0","0","13.56","Humid","66.00","1","45.00","442984.56","SABD0001000008","AAV1.0.0.11","2.1.0.443","PSt7-10","171011-004","6/6/2018 9:03:33 AM","1443-01","0","no battery","V"
"08/07/2018","15:19:38","4","default","90137121","O4","3.216","min","194.463","μmol/L","Humid","20.712","deg","123621","µV","27.931","°C","1011.000","hPa","39.0","pmil","0","55.550","deg","20.000","°C","100.000","%a.s.","22.120","deg","20.000","°C","976.000","hPa","0.861","-0.02617","0.00035","0","0","13.56","Humid","66.00","1","45.00","442964.82","SABD0001000008","AAV1.0.0.11","2.1.0.443","PSt7-10","171011-004","6/6/2018 9:03:33 AM","1443-01","0","no battery","V"
"08/07/2018","15:19:39","4","default","90137121","O4","3.232","min","194.319","μmol/L","Humid","20.716","deg","123630","µV","27.944","°C","1011.000","hPa","39.0","pmil","0","55.550","deg","20.000","°C","100.000","%a.s.","22.120","deg","20.000","°C","976.000","hPa","0.861","-0.02617","0.00035","0","0","13.56","Humid","66.00","1","45.00","442967.48","SABD0001000008","AAV1.0.0.11","2.1.0.443","PSt7-10","171011-004","6/6/2018 9:03:33 AM","1443-01","0","no battery","V"
"08/07/2018","15:19:40","4","default","90137121","O4","3.249","min","194.354","μmol/L","Humid","20.719","deg","123634","µV","27.929","°C","1011.000","hPa","39.0","pmil","0","55.550","deg","20.000","°C","100.000","%a.s.","22.120","deg","20.000","°C","976.000","hPa","0.861","-0.02617","0.00035","0","0","13.56","Humid","66.00","1","45.00","442973.72","SABD0001000008","AAV1.0.0.11","2.1.0.443","PSt7-10","171011-004","6/6/2018 9:03:33 AM","1443-01","0","no battery","V"
"08/07/2018","15:19:41","4","default","90137121","O4","3.265","min","194.387","μmol/L","Humid","20.717","deg","123625","µV","27.929","°C","1011.000","hPa","39.0","pmil","0","55.550","deg","20.000","°C","100.000","%a.s.","22.120","deg","20.000","°C","976.000","hPa","0.861","-0.02617","0.00035","0","0","13.56","Humid","66.00","1","45.00","442973.00","SABD0001000008","AAV1.0.0.11","2.1.0.443","PSt7-10","171011-004","6/6/2018 9:03:33 AM","1443-01","0","no battery","V"
"08/07/2018","15:19:42","4","default","90137121","O4","3.282","min","194.332","μmol/L","Humid","20.722","deg","123628","µV","27.924","°C","1011.000","hPa","39.0","pmil","0","55.550","deg","20.000","°C","100.000","%a.s.","22.120","deg","20.000","°C","976.000","hPa","0.861","-0.02617","0.00035","0","0","13.56","Humid","66.00","1","45.00","442963.24","SABD0001000008","AAV1.0.0.11","2.1.0.443","PSt7-10","171011-004","6/6/2018 9:03:33 AM","1443-01","0","no battery","V"
"08/07/2018","15:19:43","4","default","90137121","O4","3.299","min","194.407","μmol/L","Humid","20.718","deg","123648","µV","27.923","°C","1011.000","hPa","39.0","pmil","0","55.550","deg","20.000","°C","100.000","%a.s.","22.120","deg","20.000","°C","976.000","hPa","0.861","-0.02617","0.00035","0","0","13.56","Humid","66.00","1","45.00","442975.44","SABD0001000008","AAV1.0.0.11","2.1.0.443","PSt7-10","171011-004","6/6/2018 9:03:33 AM","1443-01","0","no battery","V"
"08/07/2018","15:19:44","4","default","90137121","O4","3.315","min","194.341","μmol/L","Humid","20.721","deg","123653","µV","27.925","°C","1011.000","hPa","39.0","pmil","0","55.550","deg","20.000","°C","100.000","%a.s.","22.120","deg","20.000","°C","976.000","hPa","0.861","-0.02617","0.00035","0","0","13.56","Humid","66.00","1","45.00","442979.95","SABD0001000008","AAV1.0.0.11","2.1.0.443","PSt7-10","171011-004","6/6/2018 9:03:33 AM","1443-01","0","no battery","V"
"08/07/2018","15:19:45","4","default","90137121","O4","3.332","min","194.363","μmol/L","Humid","20.722","deg","123656","µV","27.919","°C","1011.000","hPa","39.0","pmil","0","55.550","deg","20.000","°C","100.000","%a.s.","22.120","deg","20.000","°C","976.000","hPa","0.861","-0.02617","0.00035","0","0","13.56","Humid","66.00","1","45.00","442990.76","SABD0001000008","AAV1.0.0.11","2.1.0.443","PSt7-10","171011-004","6/6/2018 9:03:33 AM","1443-01","0","no battery","V"
"08/07/2018","15:19:46","4","default","90137121","O4","3.349","min","194.259","μmol/L","Humid","20.725","deg","123655","µV","27.928","°C","1011.000","hPa","39.0","pmil","0","55.550","deg","20.000","°C","100.000","%a.s.","22.120","deg","20.000","°C","976.000","hPa","0.861","-0.02617","0.00035","0","0","13.56","Humid","66.00","1","45.00","442969.61","SABD0001000008","AAV1.0.0.11","2.1.0.443","PSt7-10","171011-004","6/6/2018 9:03:33 AM","1443-01","0","no battery","V"
"08/07/2018","15:19:47","4","default","90137121","O4","3.366","min","194.335","μmol/L","Humid","20.722","deg","123656","µV","27.923","°C","1011.000","hPa","39.0","pmil","0","55.550","deg","20.000","°C","100.000","%a.s.","22.120","deg","20.000","°C","976.000","hPa","0.861","-0.02617","0.00035","0","0","13.56","Humid","66.00","1","45.00","442982.50","SABD0001000008","AAV1.0.0.11","2.1.0.443","PSt7-10","171011-004","6/6/2018 9:03:33 AM","1443-01","0","no battery","V"
"08/07/2018","15:19:48","4","default","90137121","O4","3.382","min","194.382","μmol/L","Humid","20.721","deg","123669","µV","27.918","°C","1011.000","hPa","39.0","pmil","0","55.550","deg","20.000","°C","100.000","%a.s.","22.120","deg","20.000","°C","976.000","hPa","0.861","-0.02617","0.00035","0","0","13.56","Humid","66.00","1","45.00","442961.08","SABD0001000008","AAV1.0.0.11","2.1.0.443","PSt7-10","171011-004","6/6/2018 9:03:33 AM","1443-01","0","no battery","V"
"08/07/2018","15:19:49","4","default","90137121","O4","3.399","min","194.258","μmol/L","Humid","20.723","deg","123671","µV","27.934","°C","1011.000","hPa","39.0","pmil","0","55.550","deg","20.000","°C","100.000","%a.s.","22.120","deg","20.000","°C","976.000","hPa","0.861","-0.02617","0.00035","0","0","13.56","Humid","66.00","1","45.00","442968.92","SABD0001000008","AAV1.0.0.11","2.1.0.443","PSt7-10","171011-004","6/6/2018 9:03:33 AM","1443-01","0","no battery","V"
"08/07/2018","15:19:50","4","default","90137121","O4","3.415","min","194.270","μmol/L","Humid","20.724","deg","123680","µV","27.929","°C","1011.000","hPa","39.0","pmil","0","55.550","deg","20.000","°C","100.000","%a.s.","22.120","deg","20.000","°C","976.000","hPa","0.861","-0.02617","0.00035","0","0","13.56","Humid","66.00","1","45.00","442966.16","SABD0001000008","AAV1.0.0.11","2.1.0.443","PSt7-10","171011-004","6/6/2018 9:03:33 AM","1443-01","0","no battery","V"
"08/07/2018","15:19:51","4","default","90137121","O4","3.432","min","194.163","μmol/L","Humid","20.726","deg","123689","µV","27.941","°C","1011.000","hPa","39.0","pmil","0","55.550","deg","20.000","°C","100.000","%a.s.","22.120","deg","20.000","°C","976.000","hPa","0.861","-0.02617","0.00035","0","0","13.56","Humid","66.00","1","45.00","442978.43","SABD0001000008","AAV1.0.0.11","2.1.0.443","PSt7-10","171011-004","6/6/2018 9:03:33 AM","1443-01","0","no battery","V"
"08/07/2018","15:19:52","4","default","90137121","O4","3.449","min","194.149","μmol/L","Humid","20.727","deg","123698","µV","27.940","°C","1011.000","hPa","39.0","pmil","0","55.550","deg","20.000","°C","100.000","%a.s.","22.120","deg","20.000","°C","976.000","hPa","0.861","-0.02617","0.00035","0","0","13.56","Humid","66.00","1","45.00","442960.21","SABD0001000008","AAV1.0.0.11","2.1.0.443","PSt7-10","171011-004","6/6/2018 9:03:33 AM","1443-01","0","no battery","V"
"08/07/2018","15:19:53","4","default","90137121","O4","3.466","min","194.241","μmol/L","Humid","20.728","deg","123690","µV","27.922","°C","1011.000","hPa","39.0","pmil","0","55.550","deg","20.000","°C","100.000","%a.s.","22.120","deg","20.000","°C","976.000","hPa","0.861","-0.02617","0.00035","0","0","13.56","Humid","66.00","1","45.00","442960.74","SABD0001000008","AAV1.0.0.11","2.1.0.443","PSt7-10","171011-004","6/6/2018 9:03:33 AM","1443-01","0","no battery","V"
"08/07/2018","15:19:54","4","default","90137121","O4","3.482","min","194.136","μmol/L","Humid","20.732","deg","123696","µV","27.928","°C","1011.000","hPa","39.0","pmil","0","55.550","deg","20.000","°C","100.000","%a.s.","22.120","deg","20.000","°C","976.000","hPa","0.861","-0.02617","0.00035","0","0","13.56","Humid","66.00","1","45.00","442956.16","SABD0001000008","AAV1.0.0.11","2.1.0.443","PSt7-10","171011-004","6/6/2018 9:03:33 AM","1443-01","0","no battery","V"
"08/07/2018","15:19:55","4","default","90137121","O4","3.498","min","194.228","μmol/L","Humid","20.727","deg","123703","µV","27.927","°C","1011.000","hPa","39.0","pmil","0","55.550","deg","20.000","°C","100.000","%a.s.","22.120","deg","20.000","°C","976.000","hPa","0.861","-0.02617","0.00035","0","0","13.56","Humid","66.00","1","45.00","442948.47","SABD0001000008","AAV1.0.0.11","2.1.0.443","PSt7-10","171011-004","6/6/2018 9:03:33 AM","1443-01","0","no battery","V"
"08/07/2018","15:19:56","4","default","90137121","O4","3.515","min","194.191","μmol/L","Humid","20.729","deg","123707","µV","27.927","°C","1011.000","hPa","39.0","pmil","0","55.550","deg","20.000","°C","100.000","%a.s.","22.120","deg","20.000","°C","976.000","hPa","0.861","-0.02617","0.00035","0","0","13.56","Humid","66.00","1","45.00","442967.65","SABD0001000008","AAV1.0.0.11","2.1.0.443","PSt7-10","171011-004","6/6/2018 9:03:33 AM","1443-01","0","no battery","V"
"08/07/2018","15:19:57","4","default","90137121","O4","3.532","min","194.089","μmol/L","Humid","20.736","deg","123723","µV","27.924","°C","1011.000","hPa","39.0","pmil","0","55.550","deg","20.000","°C","100.000","%a.s.","22.120","deg","20.000","°C","976.000","hPa","0.861","-0.02617","0.00035","0","0","13.56","Humid","66.00","1","45.00","442983.14","SABD0001000008","AAV1.0.0.11","2.1.0.443","PSt7-10","171011-004","6/6/2018 9:03:33 AM","1443-01","0","no battery","V"
"08/07/2018","15:19:58","4","default","90137121","O4","3.548","min","194.232","μmol/L","Humid","20.728","deg","123728","µV","27.923","°C","1011.000","hPa","39.0","pmil","0","55.550","deg","20.000","°C","100.000","%a.s.","22.120","deg","20.000","°C","976.000","hPa","0.861","-0.02617","0.00035","0","0","13.56","Humid","66.00","1","45.00","442954.00","SABD0001000008","AAV1.0.0.11","2.1.0.443","PSt7-10","171011-004","6/6/2018 9:03:33 AM","1443-01","0","no battery","V"
"08/07/2018","15:19:59","4","default","90137121","O4","3.565","min","194.110","μmol/L","Humid","20.735","deg","123726","µV","27.923","°C","1011.000","hPa","39.0","pmil","0","55.550","deg","20.000","°C","100.000","%a.s.","22.120","deg","20.000","°C","976.000","hPa","0.861","-0.02617","0.00035","0","0","13.56","Humid","66.00","1","45.00","442966.12","SABD0001000008","AAV1.0.0.11","2.1.0.443","PSt7-10","171011-004","6/6/2018 9:03:33 AM","1443-01","0","no battery","V"
"08/07/2018","15:20:00","4","default","90137121","O4","3.582","min","194.133","μmol/L","Humid","20.732","deg","123729","µV","27.928","°C","1011.000","hPa","39.0","pmil","0","55.550","deg","20.000","°C","100.000","%a.s.","22.120","deg","20.000","°C","976.000","hPa","0.861","-0.02617","0.00035","0","0","13.56","Humid","66.00","1","45.00","442964.40","SABD0001000008","AAV1.0.0.11","2.1.0.443","PSt7-10","171011-004","6/6/2018 9:03:33 AM","1443-01","0","no battery","V"
"08/07/2018","15:20:01","4","default","90137121","O4","3.599","min","194.142","μmol/L","Humid","20.735","deg","123740","µV","27.918","°C","1011.000","hPa","39.0","pmil","0","55.550","deg","20.000","°C","100.000","%a.s.","22.120","deg","20.000","°C","976.000","hPa","0.861","-0.02617","0.00035","0","0","13.56","Humid","66.00","1","45.00","442983.71","SABD0001000008","AAV1.0.0.11","2.1.0.443","PSt7-10","171011-004","6/6/2018 9:03:33 AM","1443-01","0","no battery","V"
"08/07/2018","15:20:02","4","default","90137121","O4","3.615","min","194.095","μmol/L","Humid","20.736","deg","123736","µV","27.923","°C","1011.000","hPa","39.0","pmil","0","55.550","deg","20.000","°C","100.000","%a.s.","22.120","deg","20.000","°C","976.000","hPa","0.861","-0.02617","0.00035","0","0","13.56","Humid","66.00","1","45.00","442970.10","SABD0001000008","AAV1.0.0.11","2.1.0.443","PSt7-10","171011-004","6/6/2018 9:03:33 AM","1443-01","0","no battery","V"
"08/07/2018","15:20:03","4","default","90137121","O4","3.632","min","193.996","μmol/L","Humid","20.741","deg","123747","µV","27.925","°C","1011.000","hPa","39.0","pmil","0","55.550","deg","20.000","°C","100.000","%a.s.","22.120","deg","20.000","°C","976.000","hPa","0.861","-0.02617","0.00035","0","0","13.56","Humid","66.00","1","45.00","442978.23","SABD0001000008","AAV1.0.0.11","2.1.0.443","PSt7-10","171011-004","6/6/2018 9:03:33 AM","1443-01","0","no battery","V"
"08/07/2018","15:20:04","4","default","90137121","O4","3.649","min","194.093","μmol/L","Humid","20.737","deg","123746","µV","27.920","°C","1011.000","hPa","39.0","pmil","0","55.550","deg","20.000","°C","100.000","%a.s.","22.120","deg","20.000","°C","976.000","hPa","0.861","-0.02617","0.00035","0","0","13.56","Humid","66.00","1","45.00","442970.92","SABD0001000008","AAV1.0.0.11","2.1.0.443","PSt7-10","171011-004","6/6/2018 9:03:33 AM","1443-01","0","no battery","V"
"08/07/2018","15:20:05","4","default","90137121","O4","3.666","min","194.073","μmol/L","Humid","20.737","deg","123762","µV","27.924","°C","1011.000","hPa","39.0","pmil","0","55.550","deg","20.000","°C","100.000","%a.s.","22.120","deg","20.000","°C","976.000","hPa","0.861","-0.02617","0.00035","0","0","13.56","Humid","66.00","1","45.00","442955.00","SABD0001000008","AAV1.0.0.11","2.1.0.443","PSt7-10","171011-004","6/6/2018 9:03:33 AM","1443-01","0","no battery","V"
"08/07/2018","15:20:06","4","default","90137121","O4","3.682","min","194.138","μmol/L","Humid","20.737","deg","123760","µV","27.913","°C","1011.000","hPa","39.0","pmil","0","55.550","deg","20.000","°C","100.000","%a.s.","22.120","deg","20.000","°C","976.000","hPa","0.861","-0.02617","0.00035","0","0","13.56","Humid","66.00","1","45.00","442961.41","SABD0001000008","AAV1.0.0.11","2.1.0.443","PSt7-10","171011-004","6/6/2018 9:03:33 AM","1443-01","0","no battery","V"
"08/07/2018","15:20:07","4","default","90137121","O4","3.698","min","193.947","μmol/L","Humid","20.741","deg","123773","µV","27.933","°C","1011.000","hPa","39.0","pmil","0","55.550","deg","20.000","°C","100.000","%a.s.","22.120","deg","20.000","°C","976.000","hPa","0.861","-0.02617","0.00035","0","0","13.56","Humid","66.00","1","45.00","442954.13","SABD0001000008","AAV1.0.0.11","2.1.0.443","PSt7-10","171011-004","6/6/2018 9:03:33 AM","1443-01","0","no battery","V"
"08/07/2018","15:20:08","4","default","90137121","O4","3.716","min","193.857","μmol/L","Humid","20.742","deg","123764","µV","27.946","°C","1011.000","hPa","39.0","pmil","0","55.550","deg","20.000","°C","100.000","%a.s.","22.120","deg","20.000","°C","976.000","hPa","0.861","-0.02617","0.00035","0","0","13.56","Humid","66.00","1","45.00","442959.91","SABD0001000008","AAV1.0.0.11","2.1.0.443","PSt7-10","171011-004","6/6/2018 9:03:33 AM","1443-01","0","no battery","V"
"08/07/2018","15:20:09","4","default","90137121","O4","3.732","min","193.848","μmol/L","Humid","20.740","deg","123780","µV","27.953","°C","1011.000","hPa","39.0","pmil","0","55.550","deg","20.000","°C","100.000","%a.s.","22.120","deg","20.000","°C","976.000","hPa","0.861","-0.02617","0.00035","0","0","13.56","Humid","66.00","1","45.00","442953.89","SABD0001000008","AAV1.0.0.11","2.1.0.443","PSt7-10","171011-004","6/6/2018 9:03:33 AM","1443-01","0","no battery","V"
"08/07/2018","15:20:10","4","default","90137121","O4","3.749","min","193.901","μmol/L","Humid","20.745","deg","123787","µV","27.929","°C","1011.000","hPa","39.0","pmil","0","55.550","deg","20.000","°C","100.000","%a.s.","22.120","deg","20.000","°C","976.000","hPa","0.861","-0.02617","0.00035","0","0","13.56","Humid","66.00","1","45.00","442943.28","SABD0001000008","AAV1.0.0.11","2.1.0.443","PSt7-10","171011-004","6/6/2018 9:03:33 AM","1443-01","0","no battery","V"
"08/07/2018","15:20:11","4","default","90137121","O4","3.765","min","193.808","μmol/L","Humid","20.747","deg","123790","µV","27.939","°C","1011.000","hPa","39.0","pmil","0","55.550","deg","20.000","°C","100.000","%a.s.","22.120","deg","20.000","°C","976.000","hPa","0.861","-0.02617","0.00035","0","0","13.56","Humid","66.00","1","45.00","442952.74","SABD0001000008","AAV1.0.0.11","2.1.0.443","PSt7-10","171011-004","6/6/2018 9:03:33 AM","1443-01","0","no battery","V"
"08/07/2018","15:20:12","4","default","90137121","O4","3.782","min","193.829","μmol/L","Humid","20.749","deg","123801","µV","27.930","°C","1011.000","hPa","39.0","pmil","0","55.550","deg","20.000","°C","100.000","%a.s.","22.120","deg","20.000","°C","976.000","hPa","0.861","-0.02617","0.00035","0","0","13.56","Humid","66.00","1","45.00","442959.32","SABD0001000008","AAV1.0.0.11","2.1.0.443","PSt7-10","171011-004","6/6/2018 9:03:33 AM","1443-01","0","no battery","V"
"08/07/2018","15:20:13","4","default","90137121","O4","3.799","min","193.859","μmol/L","Humid","20.748","deg","123801","µV","27.928","°C","1011.000","hPa","39.0","pmil","0","55.550","deg","20.000","°C","100.000","%a.s.","22.120","deg","20.000","°C","976.000","hPa","0.861","-0.02617","0.00035","0","0","13.56","Humid","66.00","1","45.00","442938.69","SABD0001000008","AAV1.0.0.11","2.1.0.443","PSt7-10","171011-004","6/6/2018 9:03:33 AM","1443-01","0","no battery","V"
"08/07/2018","15:20:14","4","default","90137121","O4","3.816","min","193.820","μmol/L","Humid","20.750","deg","123811","µV","27.928","°C","1011.000","hPa","39.0","pmil","0","55.550","deg","20.000","°C","100.000","%a.s.","22.120","deg","20.000","°C","976.000","hPa","0.861","-0.02617","0.00035","0","0","13.56","Humid","66.00","1","45.00","442958.95","SABD0001000008","AAV1.0.0.11","2.1.0.443","PSt7-10","171011-004","6/6/2018 9:03:33 AM","1443-01","0","no battery","V"
"08/07/2018","15:20:15","4","default","90137121","O4","3.832","min","193.799","μmol/L","Humid","20.753","deg","123817","µV","27.923","°C","1011.000","hPa","39.0","pmil","0","55.550","deg","20.000","°C","100.000","%a.s.","22.120","deg","20.000","°C","976.000","hPa","0.861","-0.02617","0.00035","0","0","13.56","Humid","66.00","1","45.00","442949.12","SABD0001000008","AAV1.0.0.11","2.1.0.443","PSt7-10","171011-004","6/6/2018 9:03:33 AM","1443-01","0","no battery","V"
"08/07/2018","15:20:16","4","default","90137121","O4","3.848","min","193.831","μmol/L","Humid","20.752","deg","123818","µV","27.921","°C","1011.000","hPa","39.0","pmil","0","55.550","deg","20.000","°C","100.000","%a.s.","22.120","deg","20.000","°C","976.000","hPa","0.861","-0.02617","0.00035","0","0","13.56","Humid","66.00","1","45.00","442957.59","SABD0001000008","AAV1.0.0.11","2.1.0.443","PSt7-10","171011-004","6/6/2018 9:03:33 AM","1443-01","0","no battery","V"
"08/07/2018","15:20:17","4","default","90137121","O4","3.865","min","193.674","μmol/L","Humid","20.755","deg","123826","µV","27.939","°C","1011.000","hPa","39.0","pmil","0","55.550","deg","20.000","°C","100.000","%a.s.","22.120","deg","20.000","°C","976.000","hPa","0.861","-0.02617","0.00035","0","0","13.56","Humid","66.00","1","45.00","442945.22","SABD0001000008","AAV1.0.0.11","2.1.0.443","PSt7-10","171011-004","6/6/2018 9:03:33 AM","1443-01","0","no battery","V"
"08/07/2018","15:20:18","4","default","90137121","O4","3.882","min","193.773","μmol/L","Humid","20.752","deg","123832","µV","27.930","°C","1011.000","hPa","39.0","pmil","0","55.550","deg","20.000","°C","100.000","%a.s.","22.120","deg","20.000","°C","976.000","hPa","0.861","-0.02617","0.00035","0","0","13.56","Humid","66.00","1","45.00","442945.98","SABD0001000008","AAV1.0.0.11","2.1.0.443","PSt7-10","171011-004","6/6/2018 9:03:33 AM","1443-01","0","no battery","V"
"08/07/2018","15:20:19","4","default","90137121","O4","3.899","min","193.720","μmol/L","Humid","20.759","deg","123851","µV","27.919","°C","1011.000","hPa","39.0","pmil","0","55.550","deg","20.000","°C","100.000","%a.s.","22.120","deg","20.000","°C","976.000","hPa","0.861","-0.02617","0.00035","0","0","13.56","Humid","66.00","1","45.00","442956.03","SABD0001000008","AAV1.0.0.11","2.1.0.443","PSt7-10","171011-004","6/6/2018 9:03:33 AM","1443-01","0","no battery","V"
"08/07/2018","15:20:20","4","default","90137121","O4","3.915","min","193.809","μmol/L","Humid","20.755","deg","123847","µV","27.915","°C","1011.000","hPa","39.0","pmil","0","55.550","deg","20.000","°C","100.000","%a.s.","22.120","deg","20.000","°C","976.000","hPa","0.861","-0.02617","0.00035","0","0","13.56","Humid","66.00","1","45.00","442952.94","SABD0001000008","AAV1.0.0.11","2.1.0.443","PSt7-10","171011-004","6/6/2018 9:03:33 AM","1443-01","0","no battery","V"
"08/07/2018","15:20:21","4","default","90137121","O4","3.932","min","193.829","μmol/L","Humid","20.753","deg","123839","µV","27.918","°C","1011.000","hPa","39.0","pmil","0","55.550","deg","20.000","°C","100.000","%a.s.","22.120","deg","20.000","°C","976.000","hPa","0.861","-0.02617","0.00035","0","0","13.56","Humid","66.00","1","45.00","442941.13","SABD0001000008","AAV1.0.0.11","2.1.0.443","PSt7-10","171011-004","6/6/2018 9:03:33 AM","1443-01","0","no battery","V"
"08/07/2018","15:20:22","4","default","90137121","O4","3.948","min","193.707","μmol/L","Humid","20.754","deg","123863","µV","27.936","°C","1011.000","hPa","39.0","pmil","0","55.550","deg","20.000","°C","100.000","%a.s.","22.120","deg","20.000","°C","976.000","hPa","0.861","-0.02617","0.00035","0","0","13.56","Humid","66.00","1","45.00","442952.20","SABD0001000008","AAV1.0.0.11","2.1.0.443","PSt7-10","171011-004","6/6/2018 9:03:33 AM","1443-01","0","no battery","V"
"08/07/2018","15:20:23","4","default","90137121","O4","3.966","min","193.692","μmol/L","Humid","20.757","deg","123866","µV","27.930","°C","1011.000","hPa","39.0","pmil","0","55.550","deg","20.000","°C","100.000","%a.s.","22.120","deg","20.000","°C","976.000","hPa","0.861","-0.02617","0.00035","0","0","13.56","Humid","66.00","1","45.00","442952.12","SABD0001000008","AAV1.0.0.11","2.1.0.443","PSt7-10","171011-004","6/6/2018 9:03:33 AM","1443-01","0","no battery","V"
"08/07/2018","15:20:24","4","default","90137121","O4","3.982","min","193.711","μmol/L","Humid","20.756","deg","123862","µV","27.929","°C","1011.000","hPa","39.0","pmil","0","55.550","deg","20.000","°C","100.000","%a.s.","22.120","deg","20.000","°C","976.000","hPa","0.861","-0.02617","0.00035","0","0","13.56","Humid","66.00","1","45.00","442954.08","SABD0001000008","AAV1.0.0.11","2.1.0.443","PSt7-10","171011-004","6/6/2018 9:03:33 AM","1443-01","0","no battery","V"
"08/07/2018","15:20:25","4","default","90137121","O4","3.998","min","193.649","μmol/L","Humid","20.759","deg","123869","µV","27.931","°C","1011.000","hPa","39.0","pmil","0","55.550","deg","20.000","°C","100.000","%a.s.","22.120","deg","20.000","°C","976.000","hPa","0.861","-0.02617","0.00035","0","0","13.56","Humid","66.00","1","45.00","442962.13","SABD0001000008","AAV1.0.0.11","2.1.0.443","PSt7-10","171011-004","6/6/2018 9:03:33 AM","1443-01","0","no battery","V"
"08/07/2018","15:20:26","4","default","90137121","O4","4.016","min","193.824","μmol/L","Humid","20.759","deg","123870","µV","27.901","°C","1011.000","hPa","39.0","pmil","0","55.550","deg","20.000","°C","100.000","%a.s.","22.120","deg","20.000","°C","976.000","hPa","0.861","-0.02617","0.00035","0","0","13.56","Humid","66.00","1","45.00","442965.39","SABD0001000008","AAV1.0.0.11","2.1.0.443","PSt7-10","171011-004","6/6/2018 9:03:33 AM","1443-01","0","no battery","V"
"08/07/2018","15:20:27","4","default","90137121","O4","4.032","min","193.562","μmol/L","Humid","20.760","deg","123883","µV","27.943","°C","1011.000","hPa","39.0","pmil","0","55.550","deg","20.000","°C","100.000","%a.s.","22.120","deg","20.000","°C","976.000","hPa","0.861","-0.02617","0.00035","0","0","13.56","Humid","66.00","1","45.00","442954.22","SABD0001000008","AAV1.0.0.11","2.1.0.443","PSt7-10","171011-004","6/6/2018 9:03:33 AM","1443-01","0","no battery","V"
"08/07/2018","15:20:28","4","default","90137121","O4","4.049","min","193.630","μmol/L","Humid","20.758","deg","123884","µV","27.937","°C","1011.000","hPa","39.0","pmil","0","55.550","deg","20.000","°C","100.000","%a.s.","22.120","deg","20.000","°C","976.000","hPa","0.861","-0.02617","0.00035","0","0","13.56","Humid","66.00","1","45.00","442959.32","SABD0001000008","AAV1.0.0.11","2.1.0.443","PSt7-10","171011-004","6/6/2018 9:03:33 AM","1443-01","0","no battery","V"
"08/07/2018","15:20:29","4","default","90137121","O4","4.065","min","193.563","μmol/L","Humid","20.767","deg","123897","µV","27.922","°C","1011.000","hPa","39.0","pmil","0","55.550","deg","20.000","°C","100.000","%a.s.","22.120","deg","20.000","°C","976.000","hPa","0.861","-0.02617","0.00035","0","0","13.56","Humid","66.00","1","45.00","442964.92","SABD0001000008","AAV1.0.0.11","2.1.0.443","PSt7-10","171011-004","6/6/2018 9:03:33 AM","1443-01","0","no battery","V"
"08/07/2018","15:20:30","4","default","90137121","O4","4.082","min","193.515","μmol/L","Humid","20.766","deg","123905","µV","27.933","°C","1011.000","hPa","39.0","pmil","0","55.550","deg","20.000","°C","100.000","%a.s.","22.120","deg","20.000","°C","976.000","hPa","0.861","-0.02617","0.00035","0","0","13.56","Humid","66.00","1","45.00","442948.22","SABD0001000008","AAV1.0.0.11","2.1.0.443","PSt7-10","171011-004","6/6/2018 9:03:33 AM","1443-01","0","no battery","V"
"08/07/2018","15:20:31","4","default","90137121","O4","4.098","min","193.478","μmol/L","Humid","20.768","deg","123904","µV","27.934","°C","1011.000","hPa","39.0","pmil","0","55.550","deg","20.000","°C","100.000","%a.s.","22.120","deg","20.000","°C","976.000","hPa","0.861","-0.02617","0.00035","0","0","13.56","Humid","66.00","1","45.00","442942.57","SABD0001000008","AAV1.0.0.11","2.1.0.443","PSt7-10","171011-004","6/6/2018 9:03:33 AM","1443-01","0","no battery","V"
"08/07/2018","15:20:32","4","default","90137121","O4","4.116","min","193.553","μmol/L","Humid","20.764","deg","123916","µV","27.933","°C","1011.000","hPa","39.0","pmil","0","55.550","deg","20.000","°C","100.000","%a.s.","22.120","deg","20.000","°C","976.000","hPa","0.861","-0.02617","0.00035","0","0","13.56","Humid","66.00","1","45.00","442961.82","SABD0001000008","AAV1.0.0.11","2.1.0.443","PSt7-10","171011-004","6/6/2018 9:03:33 AM","1443-01","0","no battery","V"
"08/07/2018","15:20:33","4","default","90137121","O4","4.132","min","193.579","μmol/L","Humid","20.765","deg","123922","µV","27.925","°C","1011.000","hPa","39.0","pmil","0","55.550","deg","20.000","°C","100.000","%a.s.","22.120","deg","20.000","°C","976.000","hPa","0.861","-0.02617","0.00035","0","0","13.56","Humid","66.00","1","45.00","442946.90","SABD0001000008","AAV1.0.0.11","2.1.0.443","PSt7-10","171011-004","6/6/2018 9:03:33 AM","1443-01","0","no battery","V"
"08/07/2018","15:20:34","4","default","90137121","O4","4.149","min","193.605","μmol/L","Humid","20.767","deg","123919","µV","27.915","°C","1011.000","hPa","39.0","pmil","0","55.550","deg","20.000","°C","100.000","%a.s.","22.120","deg","20.000","°C","976.000","hPa","0.861","-0.02617","0.00035","0","0","13.56","Humid","66.00","1","45.00","442955.14","SABD0001000008","AAV1.0.0.11","2.1.0.443","PSt7-10","171011-004","6/6/2018 9:03:33 AM","1443-01","0","no battery","V"
"08/07/2018","15:20:35","4","default","90137121","O4","4.166","min","193.547","μmol/L","Humid","20.769","deg","123927","µV","27.919","°C","1011.000","hPa","39.0","pmil","0","55.550","deg","20.000","°C","100.000","%a.s.","22.120","deg","20.000","°C","976.000","hPa","0.861","-0.02617","0.00035","0","0","13.56","Humid","66.00","1","45.00","442957.75","SABD0001000008","AAV1.0.0.11","2.1.0.443","PSt7-10","171011-004","6/6/2018 9:03:33 AM","1443-01","0","no battery","V"
"08/07/2018","15:20:36","4","default","90137121","O4","4.182","min","193.533","μmol/L","Humid","20.767","deg","123930","µV","27.927","°C","1011.000","hPa","39.0","pmil","0","55.550","deg","20.000","°C","100.000","%a.s.","22.120","deg","20.000","°C","976.000","hPa","0.861","-0.02617","0.00035","0","0","13.56","Humid","66.00","1","45.00","442953.84","SABD0001000008","AAV1.0.0.11","2.1.0.443","PSt7-10","171011-004","6/6/2018 9:03:33 AM","1443-01","0","no battery","V"
"08/07/2018","15:20:37","4","default","90137121","O4","4.199","min","193.456","μmol/L","Humid","20.772","deg","123939","µV","27.926","°C","1011.000","hPa","39.0","pmil","0","55.550","deg","20.000","°C","100.000","%a.s.","22.120","deg","20.000","°C","976.000","hPa","0.861","-0.02617","0.00035","0","0","13.56","Humid","66.00","1","45.00","442952.36","SABD0001000008","AAV1.0.0.11","2.1.0.443","PSt7-10","171011-004","6/6/2018 9:03:33 AM","1443-01","0","no battery","V"
"08/07/2018","15:20:38","4","default","90137121","O4","4.215","min","193.472","μmol/L","Humid","20.771","deg","123942","µV","27.926","°C","1011.000","hPa","39.0","pmil","0","55.550","deg","20.000","°C","100.000","%a.s.","22.120","deg","20.000","°C","976.000","hPa","0.861","-0.02617","0.00035","0","0","13.56","Humid","66.00","1","45.00","442939.32","SABD0001000008","AAV1.0.0.11","2.1.0.443","PSt7-10","171011-004","6/6/2018 9:03:33 AM","1443-01","0","no battery","V"
"08/07/2018","15:20:39","4","default","90137121","O4","4.232","min","193.452","μmol/L","Humid","20.774","deg","123949","µV","27.920","°C","1011.000","hPa","39.0","pmil","0","55.550","deg","20.000","°C","100.000","%a.s.","22.120","deg","20.000","°C","976.000","hPa","0.861","-0.02617","0.00035","0","0","13.56","Humid","66.00","1","45.00","442946.70","SABD0001000008","AAV1.0.0.11","2.1.0.443","PSt7-10","171011-004","6/6/2018 9:03:33 AM","1443-01","0","no battery","V"
"08/07/2018","15:20:40","4","default","90137121","O4","4.248","min","193.551","μmol/L","Humid","20.770","deg","123955","µV","27.915","°C","1011.000","hPa","39.0","pmil","0","55.550","deg","20.000","°C","100.000","%a.s.","22.120","deg","20.000","°C","976.000","hPa","0.861","-0.02617","0.00035","0","0","13.56","Humid","66.00","1","45.00","442945.45","SABD0001000008","AAV1.0.0.11","2.1.0.443","PSt7-10","171011-004","6/6/2018 9:03:33 AM","1443-01","0","no battery","V"
"08/07/2018","15:20:41","4","default","90137121","O4","4.265","min","193.356","μmol/L","Humid","20.777","deg","123971","µV","27.928","°C","1011.000","hPa","39.0","pmil","0","55.550","deg","20.000","°C","100.000","%a.s.","22.120","deg","20.000","°C","976.000","hPa","0.861","-0.02617","0.00035","0","0","13.56","Humid","66.00","1","45.00","442945.60","SABD0001000008","AAV1.0.0.11","2.1.0.443","PSt7-10","171011-004","6/6/2018 9:03:33 AM","1443-01","0","no battery","V"
"08/07/2018","15:20:42","4","default","90137121","O4","4.282","min","193.360","μmol/L","Humid","20.777","deg","123961","µV","27.927","°C","1011.000","hPa","39.0","pmil","0","55.550","deg","20.000","°C","100.000","%a.s.","22.120","deg","20.000","°C","976.000","hPa","0.861","-0.02617","0.00035","0","0","13.56","Humid","66.00","1","45.00","442939.76","SABD0001000008","AAV1.0.0.11","2.1.0.443","PSt7-10","171011-004","6/6/2018 9:03:33 AM","1443-01","0","no battery","V"
"08/07/2018","15:20:43","4","default","90137121","O4","4.299","min","193.310","μmol/L","Humid","20.776","deg","123971","µV","27.939","°C","1011.000","hPa","39.0","pmil","0","55.550","deg","20.000","°C","100.000","%a.s.","22.120","deg","20.000","°C","976.000","hPa","0.861","-0.02617","0.00035","0","0","13.56","Humid","66.00","1","45.00","442954.25","SABD0001000008","AAV1.0.0.11","2.1.0.443","PSt7-10","171011-004","6/6/2018 9:03:33 AM","1443-01","0","no battery","V"
"08/07/2018","15:20:44","4","default","90137121","O4","4.316","min","193.548","μmol/L","Humid","20.773","deg","123979","µV","27.907","°C","1011.000","hPa","39.0","pmil","0","55.550","deg","20.000","°C","100.000","%a.s.","22.120","deg","20.000","°C","976.000","hPa","0.861","-0.02617","0.00035","0","0","13.56","Humid","66.00","1","45.00","442942.06","SABD0001000008","AAV1.0.0.11","2.1.0.443","PSt7-10","171011-004","6/6/2018 9:03:33 AM","1443-01","0","no battery","V"
"08/07/2018","15:20:45","4","default","90137121","O4","4.332","min","193.427","μmol/L","Humid","20.778","deg","123986","µV","27.913","°C","1011.000","hPa","39.0","pmil","0","55.550","deg","20.000","°C","100.000","%a.s.","22.120","deg","20.000","°C","976.000","hPa","0.861","-0.02617","0.00035","0","0","13.56","Humid","66.00","1","45.00","442951.33","SABD0001000008","AAV1.0.0.11","2.1.0.443","PSt7-10","171011-004","6/6/2018 9:03:33 AM","1443-01","0","no battery","V"
"08/07/2018","15:20:46","4","default","90137121","O4","4.349","min","193.358","μmol/L","Humid","20.775","deg","123986","µV","27.934","°C","1011.000","hPa","39.0","pmil","0","55.550","deg","20.000","°C","100.000","%a.s.","22.120","deg","20.000","°C","976.000","hPa","0.861","-0.02617","0.00035","0","0","13.56","Humid","66.00","1","45.00","442937.33","SABD0001000008","AAV1.0.0.11","2.1.0.443","PSt7-10","171011-004","6/6/2018 9:03:33 AM","1443-01","0","no battery","V"
"08/07/2018","15:20:47","4","default","90137121","O4","4.366","min","193.175","μmol/L","Humid","20.782","deg","124000","µV","27.944","°C","1011.000","hPa","39.0","pmil","0","55.550","deg","20.000","°C","100.000","%a.s.","22.120","deg","20.000","°C","976.000","hPa","0.861","-0.02617","0.00035","0","0","13.56","Humid","66.00","1","45.00","442948.93","SABD0001000008","AAV1.0.0.11","2.1.0.443","PSt7-10","171011-004","6/6/2018 9:03:33 AM","1443-01","0","no battery","V"
"08/07/2018","15:20:48","4","default","90137121","O4","4.383","min","193.228","μmol/L","Humid","20.781","deg","124000","µV","27.938","°C","1011.000","hPa","39.0","pmil","0","55.550","deg","20.000","°C","100.000","%a.s.","22.120","deg","20.000","°C","976.000","hPa","0.861","-0.02617","0.00035","0","0","13.56","Humid","66.00","1","45.00","442923.19","SABD0001000008","AAV1.0.0.11","2.1.0.443","PSt7-10","171011-004","6/6/2018 9:03:33 AM","1443-01","0","no battery","V"
"08/07/2018","15:20:49","4","default","90137121","O4","4.399","min","193.276","μmol/L","Humid","20.783","deg","124007","µV","27.924","°C","1011.000","hPa","39.0","pmil","0","55.550","deg","20.000","°C","100.000","%a.s.","22.120","deg","20.000","°C","976.000","hPa","0.861","-0.02617","0.00035","0","0","13.56","Humid","66.00","1","45.00","442934.76","SABD0001000008","AAV1.0.0.11","2.1.0.443","PSt7-10","171011-004","6/6/2018 9:03:33 AM","1443-01","0","no battery","V"
"08/07/2018","15:20:50","4","default","90137121","O4","4.416","min","193.267","μmol/L","Humid","20.783","deg","124012","µV","27.926","°C","1011.000","hPa","39.0","pmil","0","55.550","deg","20.000","°C","100.000","%a.s.","22.120","deg","20.000","°C","976.000","hPa","0.861","-0.02617","0.00035","0","0","13.56","Humid","66.00","1","45.00","442941.75","SABD0001000008","AAV1.0.0.11","2.1.0.443","PSt7-10","171011-004","6/6/2018 9:03:33 AM","1443-01","0","no battery","V"
"08/07/2018","15:20:51","4","default","90137121","O4","4.432","min","193.314","μmol/L","Humid","20.782","deg","124015","µV","27.920","°C","1011.000","hPa","39.0","pmil","0","55.550","deg","20.000","°C","100.000","%a.s.","22.120","deg","20.000","°C","976.000","hPa","0.861","-0.02617","0.00035","0","0","13.56","Humid","66.00","1","45.00","442936.41","SABD0001000008","AAV1.0.0.11","2.1.0.443","PSt7-10","171011-004","6/6/2018 9:03:33 AM","1443-01","0","no battery","V"
"08/07/2018","15:20:52","4","default","90137121","O4","4.449","min","193.134","μmol/L","Humid","20.789","deg","124025","µV","27.931","°C","1011.000","hPa","39.0","pmil","0","55.550","deg","20.000","°C","100.000","%a.s.","22.120","deg","20.000","°C","976.000","hPa","0.861","-0.02617","0.00035","0","0","13.56","Humid","66.00","1","45.00","442936.36","SABD0001000008","AAV1.0.0.11","2.1.0.443","PSt7-10","171011-004","6/6/2018 9:03:33 AM","1443-01","0","no battery","V"
"08/07/2018","15:20:53","4","default","90137121","O4","4.465","min","193.173","μmol/L","Humid","20.785","deg","124032","µV","27.936","°C","1011.000","hPa","39.0","pmil","0","55.550","deg","20.000","°C","100.000","%a.s.","22.120","deg","20.000","°C","976.000","hPa","0.861","-0.02617","0.00035","0","0","13.56","Humid","66.00","1","45.00","442939.10","SABD0001000008","AAV1.0.0.11","2.1.0.443","PSt7-10","171011-004","6/6/2018 9:03:33 AM","1443-01","0","no battery","V"
"08/07/2018","15:20:54","4","default","90137121","O4","4.482","min","193.146","μmol/L","Humid","20.789","deg","124040","µV","27.929","°C","1011.000","hPa","39.0","pmil","0","55.550","deg","20.000","°C","100.000","%a.s.","22.120","deg","20.000","°C","976.000","hPa","0.861","-0.02617","0.00035","0","0","13.56","Humid","66.00","1","45.00","442931.03","SABD0001000008","AAV1.0.0.11","2.1.0.443","PSt7-10","171011-004","6/6/2018 9:03:33 AM","1443-01","0","no battery","V"
"08/07/2018","15:20:55","4","default","90137121","O4","4.499","min","193.141","μmol/L","Humid","20.790","deg","124045","µV","27.926","°C","1011.000","hPa","39.0","pmil","0","55.550","deg","20.000","°C","100.000","%a.s.","22.120","deg","20.000","°C","976.000","hPa","0.861","-0.02617","0.00035","0","0","13.56","Humid","66.00","1","45.00","442933.14","SABD0001000008","AAV1.0.0.11","2.1.0.443","PSt7-10","171011-004","6/6/2018 9:03:33 AM","1443-01","0","no battery","V"
"08/07/2018","15:20:56","4","default","90137121","O4","4.515","min","193.173","μmol/L","Humid","20.788","deg","124044","µV","27.927","°C","1011.000","hPa","39.0","pmil","0","55.550","deg","20.000","°C","100.000","%a.s.","22.120","deg","20.000","°C","976.000","hPa","0.861","-0.02617","0.00035","0","0","13.56","Humid","66.00","1","45.00","442936.32","SABD0001000008","AAV1.0.0.11","2.1.0.443","PSt7-10","171011-004","6/6/2018 9:03:33 AM","1443-01","0","no battery","V"
"08/07/2018","15:20:57","4","default","90137121","O4","4.532","min","193.159","μmol/L","Humid","20.790","deg","124054","µV","27.923","°C","1011.000","hPa","39.0","pmil","0","55.550","deg","20.000","°C","100.000","%a.s.","22.120","deg","20.000","°C","976.000","hPa","0.861","-0.02617","0.00035","0","0","13.56","Humid","66.00","1","45.00","442933.21","SABD0001000008","AAV1.0.0.11","2.1.0.443","PSt7-10","171011-004","6/6/2018 9:03:33 AM","1443-01","0","no battery","V"
"08/07/2018","15:20:58","4","default","90137121","O4","4.548","min","193.119","μmol/L","Humid","20.792","deg","124059","µV","27.924","°C","1011.000","hPa","39.0","pmil","0","55.550","deg","20.000","°C","100.000","%a.s.","22.120","deg","20.000","°C","976.000","hPa","0.861","-0.02617","0.00035","0","0","13.56","Humid","66.00","1","45.00","442925.79","SABD0001000008","AAV1.0.0.11","2.1.0.443","PSt7-10","171011-004","6/6/2018 9:03:33 AM","1443-01","0","no battery","V"
"08/07/2018","15:20:59","4","default","90137121","O4","4.565","min","193.175","μmol/L","Humid","20.791","deg","124071","µV","27.918","°C","1011.000","hPa","39.0","pmil","0","55.550","deg","20.000","°C","100.000","%a.s.","22.120","deg","20.000","°C","976.000","hPa","0.861","-0.02617","0.00035","0","0","13.56","Humid","66.00","1","45.00","442935.20","SABD0001000008","AAV1.0.0.11","2.1.0.443","PSt7-10","171011-004","6/6/2018 9:03:33 AM","1443-01","0","no battery","V"
"08/07/2018","15:21:00","4","default","90137121","O4","4.582","min","193.046","μmol/L","Humid","20.795","deg","124071","µV","27.928","°C","1011.000","hPa","39.0","pmil","0","55.550","deg","20.000","°C","100.000","%a.s.","22.120","deg","20.000","°C","976.000","hPa","0.861","-0.02617","0.00035","0","0","13.56","Humid","66.00","1","45.00","442934.25","SABD0001000008","AAV1.0.0.11","2.1.0.443","PSt7-10","171011-004","6/6/2018 9:03:33 AM","1443-01","0","no battery","V"
"08/07/2018","15:21:01","4","default","90137121","O4","4.598","min","193.068","μmol/L","Humid","20.796","deg","124065","µV","27.921","°C","1011.000","hPa","39.0","pmil","0","55.550","deg","20.000","°C","100.000","%a.s.","22.120","deg","20.000","°C","976.000","hPa","0.861","-0.02617","0.00035","0","0","13.56","Humid","66.00","1","45.00","442929.10","SABD0001000008","AAV1.0.0.11","2.1.0.443","PSt7-10","171011-004","6/6/2018 9:03:33 AM","1443-01","0","no battery","V"
"08/07/2018","15:21:02","4","default","90137121","O4","4.615","min","192.974","μmol/L","Humid","20.799","deg","124068","µV","27.929","°C","1011.000","hPa","39.0","pmil","0","55.550","deg","20.000","°C","100.000","%a.s.","22.120","deg","20.000","°C","976.000","hPa","0.861","-0.02617","0.00035","0","0","13.56","Humid","66.00","1","45.00","442939.88","SABD0001000008","AAV1.0.0.11","2.1.0.443","PSt7-10","171011-004","6/6/2018 9:03:33 AM","1443-01","0","no battery","V"
"08/07/2018","15:21:03","4","default","90137121","O4","4.632","min","193.143","μmol/L","Humid","20.795","deg","124081","µV","27.911","°C","1011.000","hPa","39.0","pmil","0","55.550","deg","20.000","°C","100.000","%a.s.","22.120","deg","20.000","°C","976.000","hPa","0.861","-0.02617","0.00035","0","0","13.56","Humid","66.00","1","45.00","442937.69","SABD0001000008","AAV1.0.0.11","2.1.0.443","PSt7-10","171011-004","6/6/2018 9:03:33 AM","1443-01","0","no battery","V"
"08/07/2018","15:21:04","4","default","90137121","O4","4.648","min","193.124","μmol/L","Humid","20.796","deg","124087","µV","27.912","°C","1011.000","hPa","39.0","pmil","0","55.550","deg","20.000","°C","100.000","%a.s.","22.120","deg","20.000","°C","976.000","hPa","0.861","-0.02617","0.00035","0","0","13.56","Humid","66.00","1","45.00","442937.26","SABD0001000008","AAV1.0.0.11","2.1.0.443","PSt7-10","171011-004","6/6/2018 9:03:33 AM","1443-01","0","no battery","V"
"08/07/2018","15:21:05","4","default","90137121","O4","4.665","min","192.970","μmol/L","Humid","20.800","deg","124089","µV","27.926","°C","1011.000","hPa","39.0","pmil","0","55.550","deg","20.000","°C","100.000","%a.s.","22.120","deg","20.000","°C","976.000","hPa","0.861","-0.02617","0.00035","0","0","13.56","Humid","66.00","1","45.00","442932.58","SABD0001000008","AAV1.0.0.11","2.1.0.443","PSt7-10","171011-004","6/6/2018 9:03:33 AM","1443-01","0","no battery","V"
"08/07/2018","15:21:06","4","default","90137121","O4","4.682","min","192.902","μmol/L","Humid","20.800","deg","124097","µV","27.938","°C","1011.000","hPa","39.0","pmil","0","55.550","deg","20.000","°C","100.000","%a.s.","22.120","deg","20.000","°C","976.000","hPa","0.861","-0.02617","0.00035","0","0","13.56","Humid","66.00","1","45.00","442912.12","SABD0001000008","AAV1.0.0.11","2.1.0.443","PSt7-10","171011-004","6/6/2018 9:03:33 AM","1443-01","0","no battery","V"
"08/07/2018","15:21:07","4","default","90137121","O4","4.699","min","193.023","μmol/L","Humid","20.799","deg","124109","µV","27.920","°C","1011.000","hPa","39.0","pmil","0","55.550","deg","20.000","°C","100.000","%a.s.","22.120","deg","20.000","°C","976.000","hPa","0.861","-0.02617","0.00035","0","0","13.56","Humid","66.00","1","45.00","442929.90","SABD0001000008","AAV1.0.0.11","2.1.0.443","PSt7-10","171011-004","6/6/2018 9:03:33 AM","1443-01","0","no battery","V"
"08/07/2018","15:21:08","4","default","90137121","O4","4.716","min","192.911","μmol/L","Humid","20.800","deg","124109","µV","27.936","°C","1011.000","hPa","39.0","pmil","0","55.550","deg","20.000","°C","100.000","%a.s.","22.120","deg","20.000","°C","976.000","hPa","0.861","-0.02617","0.00035","0","0","13.56","Humid","66.00","1","45.00","442942.85","SABD0001000008","AAV1.0.0.11","2.1.0.443","PSt7-10","171011-004","6/6/2018 9:03:33 AM","1443-01","0","no battery","V"
"08/07/2018","15:21:09","4","default","90137121","O4","4.732","min","192.993","μmol/L","Humid","20.801","deg","124114","µV","27.919","°C","1011.000","hPa","39.0","pmil","0","55.550","deg","20.000","°C","100.000","%a.s.","22.120","deg","20.000","°C","976.000","hPa","0.861","-0.02617","0.00035","0","0","13.56","Humid","66.00","1","45.00","442925.13","SABD0001000008","AAV1.0.0.11","2.1.0.443","PSt7-10","171011-004","6/6/2018 9:03:33 AM","1443-01","0","no battery","V"
"08/07/2018","15:21:10","4","default","90137121","O4","4.748","min","192.973","μmol/L","Humid","20.800","deg","124116","µV","27.926","°C","1011.000","hPa","39.0","pmil","0","55.550","deg","20.000","°C","100.000","%a.s.","22.120","deg","20.000","°C","976.000","hPa","0.861","-0.02617","0.00035","0","0","13.56","Humid","66.00","1","45.00","442930.81","SABD0001000008","AAV1.0.0.11","2.1.0.443","PSt7-10","171011-004","6/6/2018 9:03:33 AM","1443-01","0","no battery","V"
"08/07/2018","15:21:11","4","default","90137121","O4","4.765","min","192.936","μmol/L","Humid","20.802","deg","124134","µV","27.926","°C","1011.000","hPa","39.0","pmil","0","55.550","deg","20.000","°C","100.000","%a.s.","22.120","deg","20.000","°C","976.000","hPa","0.861","-0.02617","0.00035","0","0","13.56","Humid","66.00","1","45.00","442911.21","SABD0001000008","AAV1.0.0.11","2.1.0.443","PSt7-10","171011-004","6/6/2018 9:03:33 AM","1443-01","0","no battery","V"
"08/07/2018","15:21:12","4","default","90137121","O4","4.783","min","192.836","μmol/L","Humid","20.805","deg","124146","µV","27.934","°C","1011.000","hPa","39.0","pmil","0","55.550","deg","20.000","°C","100.000","%a.s.","22.120","deg","20.000","°C","976.000","hPa","0.861","-0.02617","0.00035","0","0","13.56","Humid","66.00","1","45.00","442946.02","SABD0001000008","AAV1.0.0.11","2.1.0.443","PSt7-10","171011-004","6/6/2018 9:03:33 AM","1443-01","0","no battery","V"
"08/07/2018","15:21:13","4","default","90137121","O4","4.799","min","192.853","μmol/L","Humid","20.806","deg","124145","µV","27.929","°C","1011.000","hPa","39.0","pmil","0","55.550","deg","20.000","°C","100.000","%a.s.","22.120","deg","20.000","°C","976.000","hPa","0.861","-0.02617","0.00035","0","0","13.56","Humid","66.00","1","45.00","442939.41","SABD0001000008","AAV1.0.0.11","2.1.0.443","PSt7-10","171011-004","6/6/2018 9:03:33 AM","1443-01","0","no battery","V"
"08/07/2018","15:21:14","4","default","90137121","O4","4.816","min","192.832","μmol/L","Humid","20.809","deg","124168","µV","27.923","°C","1011.000","hPa","39.0","pmil","0","55.550","deg","20.000","°C","100.000","%a.s.","22.120","deg","20.000","°C","976.000","hPa","0.861","-0.02617","0.00035","0","0","13.56","Humid","66.00","1","45.00","442927.26","SABD0001000008","AAV1.0.0.11","2.1.0.443","PSt7-10","171011-004","6/6/2018 9:03:33 AM","1443-01","0","no battery","V"
"08/07/2018","15:21:15","4","default","90137121","O4","4.832","min","192.762","μmol/L","Humid","20.809","deg","124161","µV","27.935","°C","1011.000","hPa","39.0","pmil","0","55.550","deg","20.000","°C","100.000","%a.s.","22.120","deg","20.000","°C","976.000","hPa","0.861","-0.02617","0.00035","0","0","13.56","Humid","66.00","1","45.00","442939.17","SABD0001000008","AAV1.0.0.11","2.1.0.443","PSt7-10","171011-004","6/6/2018 9:03:33 AM","1443-01","0","no battery","V"
"08/07/2018","15:21:16","4","default","90137121","O4","4.849","min","192.710","μmol/L","Humid","20.810","deg","124156","µV","27.941","°C","1011.000","hPa","39.0","pmil","0","55.550","deg","20.000","°C","100.000","%a.s.","22.120","deg","20.000","°C","976.000","hPa","0.861","-0.02617","0.00035","0","0","13.56","Humid","66.00","1","45.00","442927.27","SABD0001000008","AAV1.0.0.11","2.1.0.443","PSt7-10","171011-004","6/6/2018 9:03:33 AM","1443-01","0","no battery","V"
"08/07/2018","15:21:17","4","default","90137121","O4","4.866","min","192.848","μmol/L","Humid","20.810","deg","124167","µV","27.918","°C","1011.000","hPa","39.0","pmil","0","55.550","deg","20.000","°C","100.000","%a.s.","22.120","deg","20.000","°C","976.000","hPa","0.861","-0.02617","0.00035","0","0","13.56","Humid","66.00","1","45.00","442926.23","SABD0001000008","AAV1.0.0.11","2.1.0.443","PSt7-10","171011-004","6/6/2018 9:03:33 AM","1443-01","0","no battery","V"
"08/07/2018","15:21:18","4","default","90137121","O4","4.882","min","192.812","μmol/L","Humid","20.810","deg","124175","µV","27.924","°C","1011.000","hPa","39.0","pmil","0","55.550","deg","20.000","°C","100.000","%a.s.","22.120","deg","20.000","°C","976.000","hPa","0.861","-0.02617","0.00035","0","0","13.56","Humid","66.00","1","45.00","442924.45","SABD0001000008","AAV1.0.0.11","2.1.0.443","PSt7-10","171011-004","6/6/2018 9:03:33 AM","1443-01","0","no battery","V"
"08/07/2018","15:21:19","4","default","90137121","O4","4.899","min","192.771","μmol/L","Humid","20.811","deg","124179","µV","27.928","°C","1011.000","hPa","39.0","pmil","0","55.550","deg","20.000","°C","100.000","%a.s.","22.120","deg","20.000","°C","976.000","hPa","0.861","-0.02617","0.00035","0","0","13.56","Humid","66.00","1","45.00","442927.72","SABD0001000008","AAV1.0.0.11","2.1.0.443","PSt7-10","171011-004","6/6/2018 9:03:33 AM","1443-01","0","no battery","V"
"08/07/2018","15:21:20","4","default","90137121","O4","4.916","min","192.746","μmol/L","Humid","20.815","deg","124181","µV","27.920","°C","1011.000","hPa","39.0","pmil","0","55.550","deg","20.000","°C","100.000","%a.s.","22.120","deg","20.000","°C","976.000","hPa","0.861","-0.02617","0.00035","0","0","13.56","Humid","66.00","1","45.00","442898.76","SABD0001000008","AAV1.0.0.11","2.1.0.443","PSt7-10","171011-004","6/6/2018 9:03:33 AM","1443-01","0","no battery","V"
"08/07/2018","15:21:21","4","default","90137121","O4","4.932","min","192.754","μmol/L","Humid","20.813","deg","124191","µV","27.925","°C","1011.000","hPa","39.0","pmil","0","55.550","deg","20.000","°C","100.000","%a.s.","22.120","deg","20.000","°C","976.000","hPa","0.861","-0.02617","0.00035","0","0","13.56","Humid","66.00","1","45.00","442920.14","SABD0001000008","AAV1.0.0.11","2.1.0.443","PSt7-10","171011-004","6/6/2018 9:03:33 AM","1443-01","0","no battery","V"
"08/07/2018","15:21:22","4","default","90137121","O4","4.949","min","192.735","μmol/L","Humid","20.814","deg","124205","µV","27.925","°C","1011.000","hPa","39.0","pmil","0","55.550","deg","20.000","°C","100.000","%a.s.","22.120","deg","20.000","°C","976.000","hPa","0.861","-0.02617","0.00035","0","0","13.56","Humid","66.00","1","45.00","442929.61","SABD0001000008","AAV1.0.0.11","2.1.0.443","PSt7-10","171011-004","6/6/2018 9:03:33 AM","1443-01","0","no battery","V"
"08/07/2018","15:21:23","4","default","90137121","O4","4.966","min","192.884","μmol/L","Humid","20.812","deg","124212","µV","27.906","°C","1011.000","hPa","39.0","pmil","0","55.550","deg","20.000","°C","100.000","%a.s.","22.120","deg","20.000","°C","976.000","hPa","0.861","-0.02617","0.00035","0","0","13.56","Humid","66.00","1","45.00","442930.83","SABD0001000008","AAV1.0.0.11","2.1.0.443","PSt7-10","171011-004","6/6/2018 9:03:33 AM","1443-01","0","no battery","V"
"08/07/2018","15:21:24","4","default","90137121","O4","4.982","min","192.589","μmol/L","Humid","20.817","deg","124212","µV","27.942","°C","1011.000","hPa","39.0","pmil","0","55.550","deg","20.000","°C","100.000","%a.s.","22.120","deg","20.000","°C","976.000","hPa","0.861","-0.02617","0.00035","0","0","13.56","Humid","66.00","1","45.00","442924.94","SABD0001000008","AAV1.0.0.11","2.1.0.443","PSt7-10","171011-004","6/6/2018 9:03:33 AM","1443-01","0","no battery","V"
"08/07/2018","15:21:25","4","default","90137121","O4","4.999","min","192.614","μmol/L","Humid","20.816","deg","124216","µV","27.940","°C","1011.000","hPa","39.0","pmil","0","55.550","deg","20.000","°C","100.000","%a.s.","22.120","deg","20.000","°C","976.000","hPa","0.861","-0.02617","0.00035","0","0","13.56","Humid","66.00","1","45.00","442921.86","SABD0001000008","AAV1.0.0.11","2.1.0.443","PSt7-10","171011-004","6/6/2018 9:03:33 AM","1443-01","0","no battery","V"
"08/07/2018","15:21:26","4","default","90137121","O4","5.015","min","192.646","μmol/L","Humid","20.818","deg","124220","µV","27.929","°C","1011.000","hPa","39.0","pmil","0","55.550","deg","20.000","°C","100.000","%a.s.","22.120","deg","20.000","°C","976.000","hPa","0.861","-0.02617","0.00035","0","0","13.56","Humid","66.00","1","45.00","442909.19","SABD0001000008","AAV1.0.0.11","2.1.0.443","PSt7-10","171011-004","6/6/2018 9:03:33 AM","1443-01","0","no battery","V"
"08/07/2018","15:21:27","4","default","90137121","O4","5.032","min","192.686","μmol/L","Humid","20.816","deg","124235","µV","27.928","°C","1011.000","hPa","39.0","pmil","0","55.550","deg","20.000","°C","100.000","%a.s.","22.120","deg","20.000","°C","976.000","hPa","0.861","-0.02617","0.00035","0","0","13.56","Humid","66.00","1","45.00","442935.25","SABD0001000008","AAV1.0.0.11","2.1.0.443","PSt7-10","171011-004","6/6/2018 9:03:33 AM","1443-01","0","no battery","V"
"08/07/2018","15:21:28","4","default","90137121","O4","5.049","min","192.688","μmol/L","Humid","20.818","deg","124239","µV","27.922","°C","1011.000","hPa","39.0","pmil","0","55.550","deg","20.000","°C","100.000","%a.s.","22.120","deg","20.000","°C","976.000","hPa","0.861","-0.02617","0.00035","0","0","13.56","Humid","66.00","1","45.00","442930.77","SABD0001000008","AAV1.0.0.11","2.1.0.443","PSt7-10","171011-004","6/6/2018 9:03:33 AM","1443-01","0","no battery","V"
"08/07/2018","15:21:29","4","default","90137121","O4","5.066","min","192.637","μmol/L","Humid","20.820","deg","124247","µV","27.924","°C","1011.000","hPa","39.0","pmil","0","55.550","deg","20.000","°C","100.000","%a.s.","22.120","deg","20.000","°C","976.000","hPa","0.861","-0.02617","0.00035","0","0","13.56","Humid","66.00","1","45.00","442941.81","SABD0001000008","AAV1.0.0.11","2.1.0.443","PSt7-10","171011-004","6/6/2018 9:03:33 AM","1443-01","0","no battery","V"
"08/07/2018","15:21:30","4","default","90137121","O4","5.082","min","192.550","μmol/L","Humid","20.823","deg","124242","µV","27.931","°C","1011.000","hPa","39.0","pmil","0","55.550","deg","20.000","°C","100.000","%a.s.","22.120","deg","20.000","°C","976.000","hPa","0.861","-0.02617","0.00035","0","0","13.56","Humid","66.00","1","45.00","442924.98","SABD0001000008","AAV1.0.0.11","2.1.0.443","PSt7-10","171011-004","6/6/2018 9:03:33 AM","1443-01","0","no battery","V"
"08/07/2018","15:21:31","4","default","90137121","O4","5.099","min","192.569","μmol/L","Humid","20.822","deg","124255","µV","27.930","°C","1011.000","hPa","39.0","pmil","0","55.550","deg","20.000","°C","100.000","%a.s.","22.120","deg","20.000","°C","976.000","hPa","0.861","-0.02617","0.00035","0","0","13.56","Humid","66.00","1","45.00","442941.20","SABD0001000008","AAV1.0.0.11","2.1.0.443","PSt7-10","171011-004","6/6/2018 9:03:33 AM","1443-01","0","no battery","V"
"08/07/2018","15:21:32","4","default","90137121","O4","5.116","min","192.526","μmol/L","Humid","20.824","deg","124256","µV","27.932","°C","1011.000","hPa","39.0","pmil","0","55.550","deg","20.000","°C","100.000","%a.s.","22.120","deg","20.000","°C","976.000","hPa","0.861","-0.02617","0.00035","0","0","13.56","Humid","66.00","1","45.00","442923.42","SABD0001000008","AAV1.0.0.11","2.1.0.443","PSt7-10","171011-004","6/6/2018 9:03:33 AM","1443-01","0","no battery","V"
"08/07/2018","15:21:33","4","default","90137121","O4","5.132","min","192.591","μmol/L","Humid","20.825","deg","124270","µV","27.918","°C","1011.000","hPa","39.0","pmil","0","55.550","deg","20.000","°C","100.000","%a.s.","22.120","deg","20.000","°C","976.000","hPa","0.861","-0.02617","0.00035","0","0","13.56","Humid","66.00","1","45.00","442920.28","SABD0001000008","AAV1.0.0.11","2.1.0.443","PSt7-10","171011-004","6/6/2018 9:03:33 AM","1443-01","0","no battery","V"
"08/07/2018","15:21:34","4","default","90137121","O4","5.149","min","192.563","μmol/L","Humid","20.824","deg","124285","µV","27.925","°C","1011.000","hPa","39.0","pmil","0","55.550","deg","20.000","°C","100.000","%a.s.","22.120","deg","20.000","°C","976.000","hPa","0.861","-0.02617","0.00035","0","0","13.56","Humid","66.00","1","45.00","442921.27","SABD0001000008","AAV1.0.0.11","2.1.0.443","PSt7-10","171011-004","6/6/2018 9:03:33 AM","1443-01","0","no battery","V"
"08/07/2018","15:21:35","4","default","90137121","O4","5.165","min","192.461","μmol/L","Humid","20.829","deg","124286","µV","27.928","°C","1011.000","hPa","39.0","pmil","0","55.550","deg","20.000","°C","100.000","%a.s.","22.120","deg","20.000","°C","976.000","hPa","0.861","-0.02617","0.00035","0","0","13.56","Humid","66.00","1","45.00","442921.60","SABD0001000008","AAV1.0.0.11","2.1.0.443","PSt7-10","171011-004","6/6/2018 9:03:33 AM","1443-01","0","no battery","V"
"08/07/2018","15:21:36","4","default","90137121","O4","5.182","min","192.530","μmol/L","Humid","20.827","deg","124294","µV","27.922","°C","1011.000","hPa","39.0","pmil","0","55.550","deg","20.000","°C","100.000","%a.s.","22.120","deg","20.000","°C","976.000","hPa","0.861","-0.02617","0.00035","0","0","13.56","Humid","66.00","1","45.00","442935.57","SABD0001000008","AAV1.0.0.11","2.1.0.443","PSt7-10","171011-004","6/6/2018 9:03:33 AM","1443-01","0","no battery","V"
"08/07/2018","15:21:37","4","default","90137121","O4","5.199","min","192.543","μmol/L","Humid","20.825","deg","124297","µV","27.926","°C","1011.000","hPa","39.0","pmil","0","55.550","deg","20.000","°C","100.000","%a.s.","22.120","deg","20.000","°C","976.000","hPa","0.861","-0.02617","0.00035","0","0","13.56","Humid","66.00","1","45.00","442928.74","SABD0001000008","AAV1.0.0.11","2.1.0.443","PSt7-10","171011-004","6/6/2018 9:03:33 AM","1443-01","0","no battery","V"
"08/07/2018","15:21:38","4","default","90137121","O4","5.215","min","192.511","μmol/L","Humid","20.830","deg","124297","µV","27.917","°C","1011.000","hPa","39.0","pmil","0","55.550","deg","20.000","°C","100.000","%a.s.","22.120","deg","20.000","°C","976.000","hPa","0.861","-0.02617","0.00035","0","0","13.56","Humid","66.00","1","45.00","442929.95","SABD0001000008","AAV1.0.0.11","2.1.0.443","PSt7-10","171011-004","6/6/2018 9:03:33 AM","1443-01","0","no battery","V"
"08/07/2018","15:21:39","4","default","90137121","O4","5.232","min","192.502","μmol/L","Humid","20.830","deg","124311","µV","27.918","°C","1011.000","hPa","39.0","pmil","0","55.550","deg","20.000","°C","100.000","%a.s.","22.120","deg","20.000","°C","976.000","hPa","0.861","-0.02617","0.00035","0","0","13.56","Humid","66.00","1","45.00","442928.27","SABD0001000008","AAV1.0.0.11","2.1.0.443","PSt7-10","171011-004","6/6/2018 9:03:33 AM","1443-01","0","no battery","V"
"08/07/2018","15:21:40","4","default","90137121","O4","5.248","min","192.488","μmol/L","Humid","20.830","deg","124297","µV","27.920","°C","1011.000","hPa","39.0","pmil","0","55.550","deg","20.000","°C","100.000","%a.s.","22.120","deg","20.000","°C","976.000","hPa","0.861","-0.02617","0.00035","0","0","13.56","Humid","66.00","1","45.00","442920.27","SABD0001000008","AAV1.0.0.11","2.1.0.443","PSt7-10","171011-004","6/6/2018 9:03:33 AM","1443-01","0","no battery","V"
"08/07/2018","15:21:41","4","default","90137121","O4","5.265","min","192.497","μmol/L","Humid","20.830","deg","124326","µV","27.919","°C","1011.000","hPa","39.0","pmil","0","55.550","deg","20.000","°C","100.000","%a.s.","22.120","deg","20.000","°C","976.000","hPa","0.861","-0.02617","0.00035","0","0","13.56","Humid","66.00","1","45.00","442915.59","SABD0001000008","AAV1.0.0.11","2.1.0.443","PSt7-10","171011-004","6/6/2018 9:03:33 AM","1443-01","0","no battery","V"
"08/07/2018","15:21:42","4","default","90137121","O4","5.282","min","192.488","μmol/L","Humid","20.834","deg","124329","µV","27.909","°C","1011.000","hPa","39.0","pmil","0","55.550","deg","20.000","°C","100.000","%a.s.","22.120","deg","20.000","°C","976.000","hPa","0.861","-0.02617","0.00035","0","0","13.56","Humid","66.00","1","45.00","442932.67","SABD0001000008","AAV1.0.0.11","2.1.0.443","PSt7-10","171011-004","6/6/2018 9:03:33 AM","1443-01","0","no battery","V"
"08/07/2018","15:21:43","4","default","90137121","O4","5.298","min","192.495","μmol/L","Humid","20.831","deg","124326","µV","27.916","°C","1011.000","hPa","39.0","pmil","0","55.550","deg","20.000","°C","100.000","%a.s.","22.120","deg","20.000","°C","976.000","hPa","0.861","-0.02617","0.00035","0","0","13.56","Humid","66.00","1","45.00","442932.11","SABD0001000008","AAV1.0.0.11","2.1.0.443","PSt7-10","171011-004","6/6/2018 9:03:33 AM","1443-01","0","no battery","V"
"08/07/2018","15:21:44","4","default","90137121","O4","5.315","min","192.353","μmol/L","Humid","20.836","deg","124344","µV","27.926","°C","1011.000","hPa","39.0","pmil","0","55.550","deg","20.000","°C","100.000","%a.s.","22.120","deg","20.000","°C","976.000","hPa","0.861","-0.02617","0.00035","0","0","13.56","Humid","66.00","1","45.00","442943.45","SABD0001000008","AAV1.0.0.11","2.1.0.443","PSt7-10","171011-004","6/6/2018 9:03:33 AM","1443-01","0","no battery","V"
"08/07/2018","15:21:45","4","default","90137121","O4","5.332","min","192.314","μmol/L","Humid","20.834","deg","124352","µV","27.939","°C","1011.000","hPa","39.0","pmil","0","55.550","deg","20.000","°C","100.000","%a.s.","22.120","deg","20.000","°C","976.000","hPa","0.861","-0.02617","0.00035","0","0","13.56","Humid","66.00","1","45.00","442924.32","SABD0001000008","AAV1.0.0.11","2.1.0.443","PSt7-10","171011-004","6/6/2018 9:03:33 AM","1443-01","0","no battery","V"
"08/07/2018","15:21:46","4","default","90137121","O4","5.348","min","192.245","μmol/L","Humid","20.839","deg","124348","µV","27.936","°C","1011.000","hPa","39.0","pmil","0","55.550","deg","20.000","°C","100.000","%a.s.","22.120","deg","20.000","°C","976.000","hPa","0.861","-0.02617","0.00035","0","0","13.56","Humid","66.00","1","45.00","442919.34","SABD0001000008","AAV1.0.0.11","2.1.0.443","PSt7-10","171011-004","6/6/2018 9:03:33 AM","1443-01","0","no battery","V"
"08/07/2018","15:21:47","4","default","90137121","O4","5.365","min","192.358","μmol/L","Humid","20.838","deg","124355","µV","27.919","°C","1011.000","hPa","39.0","pmil","0","55.550","deg","20.000","°C","100.000","%a.s.","22.120","deg","20.000","°C","976.000","hPa","0.861","-0.02617","0.00035","0","0","13.56","Humid","66.00","1","45.00","442933.46","SABD0001000008","AAV1.0.0.11","2.1.0.443","PSt7-10","171011-004","6/6/2018 9:03:33 AM","1443-01","0","no battery","V"
"08/07/2018","15:21:48","4","default","90137121","O4","5.382","min","192.218","μmol/L","Humid","20.841","deg","124360","µV","27.935","°C","1011.000","hPa","39.0","pmil","0","55.550","deg","20.000","°C","100.000","%a.s.","22.120","deg","20.000","°C","976.000","hPa","0.861","-0.02617","0.00035","0","0","13.56","Humid","66.00","1","45.00","442928.98","SABD0001000008","AAV1.0.0.11","2.1.0.443","PSt7-10","171011-004","6/6/2018 9:03:33 AM","1443-01","0","no battery","V"
"08/07/2018","15:21:49","4","default","90137121","O4","5.399","min","192.259","μmol/L","Humid","20.838","deg","124370","µV","27.936","°C","1011.000","hPa","39.0","pmil","0","55.550","deg","20.000","°C","100.000","%a.s.","22.120","deg","20.000","°C","976.000","hPa","0.861","-0.02617","0.00035","0","0","13.56","Humid","66.00","1","45.00","442935.23","SABD0001000008","AAV1.0.0.11","2.1.0.443","PSt7-10","171011-004","6/6/2018 9:03:33 AM","1443-01","0","no battery","V"
"08/07/2018","15:21:50","4","default","90137121","O4","5.415","min","192.344","μmol/L","Humid","20.839","deg","124372","µV","27.919","°C","1011.000","hPa","39.0","pmil","0","55.550","deg","20.000","°C","100.000","%a.s.","22.120","deg","20.000","°C","976.000","hPa","0.861","-0.02617","0.00035","0","0","13.56","Humid","66.00","1","45.00","442932.60","SABD0001000008","AAV1.0.0.11","2.1.0.443","PSt7-10","171011-004","6/6/2018 9:03:33 AM","1443-01","0","no battery","V"
"08/07/2018","15:21:51","4","default","90137121","O4","5.432","min","192.195","μmol/L","Humid","20.845","deg","124380","µV","27.927","°C","1011.000","hPa","39.0","pmil","0","55.550","deg","20.000","°C","100.000","%a.s.","22.120","deg","20.000","°C","976.000","hPa","0.861","-0.02617","0.00035","0","0","13.56","Humid","66.00","1","45.00","442944.64","SABD0001000008","AAV1.0.0.11","2.1.0.443","PSt7-10","171011-004","6/6/2018 9:03:33 AM","1443-01","0","no battery","V"
"08/07/2018","15:21:52","4","default","90137121","O4","5.449","min","192.244","μmol/L","Humid","20.841","deg","124377","µV","27.930","°C","1011.000","hPa","39.0","pmil","0","55.550","deg","20.000","°C","100.000","%a.s.","22.120","deg","20.000","°C","976.000","hPa","0.861","-0.02617","0.00035","0","0","13.56","Humid","66.00","1","45.00","442929.58","SABD0001000008","AAV1.0.0.11","2.1.0.443","PSt7-10","171011-004","6/6/2018 9:03:33 AM","1443-01","0","no battery","V"
"08/07/2018","15:21:53","4","default","90137121","O4","5.465","min","192.253","μmol/L","Humid","20.842","deg","124384","µV","27.926","°C","1011.000","hPa","39.0","pmil","0","55.550","deg","20.000","°C","100.000","%a.s.","22.120","deg","20.000","°C","976.000","hPa","0.861","-0.02617","0.00035","0","0","13.56","Humid","66.00","1","45.00","442924.42","SABD0001000008","AAV1.0.0.11","2.1.0.443","PSt7-10","171011-004","6/6/2018 9:03:33 AM","1443-01","0","no battery","V"
"08/07/2018","15:21:54","4","default","90137121","O4","5.482","min","192.190","μmol/L","Humid","20.847","deg","124388","µV","27.922","°C","1011.000","hPa","39.0","pmil","0","55.550","deg","20.000","°C","100.000","%a.s.","22.120","deg","20.000","°C","976.000","hPa","0.861","-0.02617","0.00035","0","0","13.56","Humid","66.00","1","45.00","442919.35","SABD0001000008","AAV1.0.0.11","2.1.0.443","PSt7-10","171011-004","6/6/2018 9:03:33 AM","1443-01","0","no battery","V"
"08/07/2018","15:21:55","4","default","90137121","O4","5.499","min","192.215","μmol/L","Humid","20.847","deg","124388","µV","27.917","°C","1011.000","hPa","39.0","pmil","0","55.550","deg","20.000","°C","100.000","%a.s.","22.120","deg","20.000","°C","976.000","hPa","0.861","-0.02617","0.00035","0","0","13.56","Humid","66.00","1","45.00","442924.54","SABD0001000008","AAV1.0.0.11","2.1.0.443","PSt7-10","171011-004","6/6/2018 9:03:33 AM","1443-01","0","no battery","V"
"08/07/2018","15:21:56","4","default","90137121","O4","5.515","min","192.271","μmol/L","Humid","20.842","deg","124404","µV","27.922","°C","1011.000","hPa","39.0","pmil","0","55.550","deg","20.000","°C","100.000","%a.s.","22.120","deg","20.000","°C","976.000","hPa","0.861","-0.02617","0.00035","0","0","13.56","Humid","66.00","1","45.00","442932.39","SABD0001000008","AAV1.0.0.11","2.1.0.443","PSt7-10","171011-004","6/6/2018 9:03:33 AM","1443-01","0","no battery","V"
"08/07/2018","15:21:57","4","default","90137121","O4","5.533","min","192.163","μmol/L","Humid","20.848","deg","124400","µV","27.923","°C","1011.000","hPa","39.0","pmil","0","55.550","deg","20.000","°C","100.000","%a.s.","22.120","deg","20.000","°C","976.000","hPa","0.861","-0.02617","0.00035","0","0","13.56","Humid","66.00","1","45.00","442923.98","SABD0001000008","AAV1.0.0.11","2.1.0.443","PSt7-10","171011-004","6/6/2018 9:03:33 AM","1443-01","0","no battery","V"
"08/07/2018","15:21:58","4","default","90137121","O4","5.549","min","192.146","μmol/L","Humid","20.848","deg","124414","µV","27.926","°C","1011.000","hPa","39.0","pmil","0","55.550","deg","20.000","°C","100.000","%a.s.","22.120","deg","20.000","°C","976.000","hPa","0.861","-0.02617","0.00035","0","0","13.56","Humid","66.00","1","45.00","442934.86","SABD0001000008","AAV1.0.0.11","2.1.0.443","PSt7-10","171011-004","6/6/2018 9:03:33 AM","1443-01","0","no battery","V"
"08/07/2018","15:21:59","4","default","90137121","O4","5.566","min","192.148","μmol/L","Humid","20.849","deg","124417","µV","27.923","°C","1011.000","hPa","39.0","pmil","0","55.550","deg","20.000","°C","100.000","%a.s.","22.120","deg","20.000","°C","976.000","hPa","0.861","-0.02617","0.00035","0","0","13.56","Humid","66.00","1","45.00","442937.65","SABD0001000008","AAV1.0.0.11","2.1.0.443","PSt7-10","171011-004","6/6/2018 9:03:33 AM","1443-01","0","no battery","V"
"08/07/2018","15:22:00","4","default","90137121","O4","5.582","min","192.111","μmol/L","Humid","20.849","deg","124413","µV","27.929","°C","1011.000","hPa","39.0","pmil","0","55.550","deg","20.000","°C","100.000","%a.s.","22.120","deg","20.000","°C","976.000","hPa","0.861","-0.02617","0.00035","0","0","13.56","Humid","66.00","1","45.00","442921.75","SABD0001000008","AAV1.0.0.11","2.1.0.443","PSt7-10","171011-004","6/6/2018 9:03:33 AM","1443-01","0","no battery","V"
"08/07/2018","15:22:01","4","default","90137121","O4","5.599","min","192.175","μmol/L","Humid","20.852","deg","124415","µV","27.909","°C","1011.000","hPa","39.0","pmil","0","55.550","deg","20.000","°C","100.000","%a.s.","22.120","deg","20.000","°C","976.000","hPa","0.861","-0.02617","0.00035","0","0","13.56","Humid","66.00","1","45.00","442912.19","SABD0001000008","AAV1.0.0.11","2.1.0.443","PSt7-10","171011-004","6/6/2018 9:03:33 AM","1443-01","0","no battery","V"
"08/07/2018","15:22:02","4","default","90137121","O4","5.616","min","192.103","μmol/L","Humid","20.848","deg","124426","µV","27.934","°C","1011.000","hPa","39.0","pmil","0","55.550","deg","20.000","°C","100.000","%a.s.","22.120","deg","20.000","°C","976.000","hPa","0.861","-0.02617","0.00035","0","0","13.56","Humid","66.00","1","45.00","442911.83","SABD0001000008","AAV1.0.0.11","2.1.0.443","PSt7-10","171011-004","6/6/2018 9:03:33 AM","1443-01","0","no battery","V"
"08/07/2018","15:22:03","4","default","90137121","O4","5.632","min","192.022","μmol/L","Humid","20.850","deg","124432","µV","27.942","°C","1011.000","hPa","39.0","pmil","0","55.550","deg","20.000","°C","100.000","%a.s.","22.120","deg","20.000","°C","976.000","hPa","0.861","-0.02617","0.00035","0","0","13.56","Humid","66.00","1","45.00","442921.62","SABD0001000008","AAV1.0.0.11","2.1.0.443","PSt7-10","171011-004","6/6/2018 9:03:33 AM","1443-01","0","no battery","V"
"08/07/2018","15:22:04","4","default","90137121","O4","5.649","min","192.131","μmol/L","Humid","20.849","deg","124432","µV","27.926","°C","1011.000","hPa","39.0","pmil","0","55.550","deg","20.000","°C","100.000","%a.s.","22.120","deg","20.000","°C","976.000","hPa","0.861","-0.02617","0.00035","0","0","13.56","Humid","66.00","1","45.00","442913.84","SABD0001000008","AAV1.0.0.11","2.1.0.443","PSt7-10","171011-004","6/6/2018 9:03:33 AM","1443-01","0","no battery","V"
"08/07/2018","15:22:05","4","default","90137121","O4","5.665","min","192.062","μmol/L","Humid","20.854","deg","124445","µV","27.923","°C","1011.000","hPa","39.0","pmil","0","55.550","deg","20.000","°C","100.000","%a.s.","22.120","deg","20.000","°C","976.000","hPa","0.861","-0.02617","0.00035","0","0","13.56","Humid","66.00","1","45.00","442916.20","SABD0001000008","AAV1.0.0.11","2.1.0.443","PSt7-10","171011-004","6/6/2018 9:03:33 AM","1443-01","0","no battery","V"
"08/07/2018","15:22:06","4","default","90137121","O4","5.682","min","192.031","μmol/L","Humid","20.856","deg","124448","µV","27.923","°C","1011.000","hPa","39.0","pmil","0","55.550","deg","20.000","°C","100.000","%a.s.","22.120","deg","20.000","°C","976.000","hPa","0.861","-0.02617","0.00035","0","0","13.56","Humid","66.00","1","45.00","442918.33","SABD0001000008","AAV1.0.0.11","2.1.0.443","PSt7-10","171011-004","6/6/2018 9:03:33 AM","1443-01","0","no battery","V"
"08/07/2018","15:22:07","4","default","90137121","O4","5.698","min","192.003","μmol/L","Humid","20.857","deg","124459","µV","27.924","°C","1011.000","hPa","39.0","pmil","0","55.550","deg","20.000","°C","100.000","%a.s.","22.120","deg","20.000","°C","976.000","hPa","0.861","-0.02617","0.00035","0","0","13.56","Humid","66.00","1","45.00","442907.47","SABD0001000008","AAV1.0.0.11","2.1.0.443","PSt7-10","171011-004","6/6/2018 9:03:33 AM","1443-01","0","no battery","V"
"08/07/2018","15:22:08","4","default","90137121","O4","5.716","min","191.980","μmol/L","Humid","20.857","deg","124467","µV","27.928","°C","1011.000","hPa","39.0","pmil","0","55.550","deg","20.000","°C","100.000","%a.s.","22.120","deg","20.000","°C","976.000","hPa","0.861","-0.02617","0.00035","0","0","13.56","Humid","66.00","1","45.00","442915.95","SABD0001000008","AAV1.0.0.11","2.1.0.443","PSt7-10","171011-004","6/6/2018 9:03:33 AM","1443-01","0","no battery","V"
"08/07/2018","15:22:09","4","default","90137121","O4","5.732","min","191.996","μmol/L","Humid","20.857","deg","124473","µV","27.926","°C","1011.000","hPa","39.0","pmil","0","55.550","deg","20.000","°C","100.000","%a.s.","22.120","deg","20.000","°C","976.000","hPa","0.861","-0.02617","0.00035","0","0","13.56","Humid","66.00","1","45.00","442920.67","SABD0001000008","AAV1.0.0.11","2.1.0.443","PSt7-10","171011-004","6/6/2018 9:03:33 AM","1443-01","0","no battery","V"
"08/07/2018","15:22:10","4","default","90137121","O4","5.749","min","191.949","μmol/L","Humid","20.857","deg","124465","µV","27.934","°C","1011.000","hPa","39.0","pmil","0","55.550","deg","20.000","°C","100.000","%a.s.","22.120","deg","20.000","°C","976.000","hPa","0.861","-0.02617","0.00035","0","0","13.56","Humid","66.00","1","45.00","442899.13","SABD0001000008","AAV1.0.0.11","2.1.0.443","PSt7-10","171011-004","6/6/2018 9:03:33 AM","1443-01","0","no battery","V"
"08/07/2018","15:22:11","4","default","90137121","O4","5.765","min","191.948","μmol/L","Humid","20.858","deg","124472","µV","27.931","°C","1011.000","hPa","39.0","pmil","0","55.550","deg","20.000","°C","100.000","%a.s.","22.120","deg","20.000","°C","976.000","hPa","0.861","-0.02617","0.00035","0","0","13.56","Humid","66.00","1","45.00","442903.94","SABD0001000008","AAV1.0.0.11","2.1.0.443","PSt7-10","171011-004","6/6/2018 9:03:33 AM","1443-01","0","no battery","V"
"08/07/2018","15:22:12","4","default","90137121","O4","5.782","min","191.938","μmol/L","Humid","20.862","deg","124484","µV","27.921","°C","1011.000","hPa","39.0","pmil","0","55.550","deg","20.000","°C","100.000","%a.s.","22.120","deg","20.000","°C","976.000","hPa","0.861","-0.02617","0.00035","0","0","13.56","Humid","66.00","1","45.00","442908.12","SABD0001000008","AAV1.0.0.11","2.1.0.443","PSt7-10","171011-004","6/6/2018 9:03:33 AM","1443-01","0","no battery","V"
"08/07/2018","15:22:13","4","default","90137121","O4","5.799","min","191.865","μmol/L","Humid","20.862","deg","124482","µV","27.933","°C","1011.000","hPa","39.0","pmil","0","55.550","deg","20.000","°C","100.000","%a.s.","22.120","deg","20.000","°C","976.000","hPa","0.861","-0.02617","0.00035","0","0","13.56","Humid","66.00","1","45.00","442912.09","SABD0001000008","AAV1.0.0.11","2.1.0.443","PSt7-10","171011-004","6/6/2018 9:03:33 AM","1443-01","0","no battery","V"
"08/07/2018","15:22:14","4","default","90137121","O4","5.815","min","191.946","μmol/L","Humid","20.859","deg","124492","µV","27.928","°C","1011.000","hPa","39.0","pmil","0","55.550","deg","20.000","°C","100.000","%a.s.","22.120","deg","20.000","°C","976.000","hPa","0.861","-0.02617","0.00035","0","0","13.56","Humid","66.00","1","45.00","442899.15","SABD0001000008","AAV1.0.0.11","2.1.0.443","PSt7-10","171011-004","6/6/2018 9:03:33 AM","1443-01","0","no battery","V"
"08/07/2018","15:22:15","4","default","90137121","O4","5.832","min","191.875","μmol/L","Humid","20.864","deg","124498","µV","27.926","°C","1011.000","hPa","39.0","pmil","0","55.550","deg","20.000","°C","100.000","%a.s.","22.120","deg","20.000","°C","976.000","hPa","0.861","-0.02617","0.00035","0","0","13.56","Humid","66.00","1","45.00","442918.32","SABD0001000008","AAV1.0.0.11","2.1.0.443","PSt7-10","171011-004","6/6/2018 9:03:33 AM","1443-01","0","no battery","V"
"08/07/2018","15:22:16","4","default","90137121","O4","5.849","min","191.984","μmol/L","Humid","20.861","deg","124512","µV","27.916","°C","1011.000","hPa","39.0","pmil","0","55.550","deg","20.000","°C","100.000","%a.s.","22.120","deg","20.000","°C","976.000","hPa","0.861","-0.02617","0.00035","0","0","13.56","Humid","66.00","1","45.00","442907.76","SABD0001000008","AAV1.0.0.11","2.1.0.443","PSt7-10","171011-004","6/6/2018 9:03:33 AM","1443-01","0","no battery","V"
"08/07/2018","15:22:17","4","default","90137121","O4","5.866","min","191.939","μmol/L","Humid","20.864","deg","124514","µV","27.915","°C","1011.000","hPa","39.0","pmil","0","55.550","deg","20.000","°C","100.000","%a.s.","22.120","deg","20.000","°C","976.000","hPa","0.861","-0.02617","0.00035","0","0","13.56","Humid","66.00","1","45.00","442899.26","SABD0001000008","AAV1.0.0.11","2.1.0.443","PSt7-10","171011-004","6/6/2018 9:03:33 AM","1443-01","0","no battery","V"
"08/07/2018","15:22:18","4","default","90137121","O4","5.882","min","191.866","μmol/L","Humid","20.865","deg","124517","µV","27.924","°C","1011.000","hPa","39.0","pmil","0","55.550","deg","20.000","°C","100.000","%a.s.","22.120","deg","20.000","°C","976.000","hPa","0.861","-0.02617","0.00035","0","0","13.56","Humid","66.00","1","45.00","442912.34","SABD0001000008","AAV1.0.0.11","2.1.0.443","PSt7-10","171011-004","6/6/2018 9:03:33 AM","1443-01","0","no battery","V"
"08/07/2018","15:22:19","4","default","90137121","O4","5.899","min","191.979","μmol/L","Humid","20.864","deg","124534","µV","27.908","°C","1011.000","hPa","39.0","pmil","0","55.550","deg","20.000","°C","100.000","%a.s.","22.120","deg","20.000","°C","976.000","hPa","0.861","-0.02617","0.00035","0","0","13.56","Humid","66.00","1","45.00","442919.93","SABD0001000008","AAV1.0.0.11","2.1.0.443","PSt7-10","171011-004","6/6/2018 9:03:33 AM","1443-01","0","no battery","V"
"08/07/2018","15:22:20","4","default","90137121","O4","5.915","min","191.841","μmol/L","Humid","20.870","deg","124535","µV","27.914","°C","1011.000","hPa","39.0","pmil","0","55.550","deg","20.000","°C","100.000","%a.s.","22.120","deg","20.000","°C","976.000","hPa","0.861","-0.02617","0.00035","0","0","13.56","Humid","66.00","1","45.00","442913.52","SABD0001000008","AAV1.0.0.11","2.1.0.443","PSt7-10","171011-004","6/6/2018 9:03:33 AM","1443-01","0","no battery","V"
"08/07/2018","15:22:21","4","default","90137121","O4","5.932","min","191.844","μmol/L","Humid","20.865","deg","124538","µV","27.928","°C","1011.000","hPa","39.0","pmil","0","55.550","deg","20.000","°C","100.000","%a.s.","22.120","deg","20.000","°C","976.000","hPa","0.861","-0.02617","0.00035","0","0","13.56","Humid","66.00","1","45.00","442905.30","SABD0001000008","AAV1.0.0.11","2.1.0.443","PSt7-10","171011-004","6/6/2018 9:03:33 AM","1443-01","0","no battery","V"
"08/07/2018","15:22:22","4","default","90137121","O4","5.949","min","191.691","μmol/L","Humid","20.871","deg","124548","µV","27.937","°C","1011.000","hPa","39.0","pmil","0","55.550","deg","20.000","°C","100.000","%a.s.","22.120","deg","20.000","°C","976.000","hPa","0.861","-0.02617","0.00035","0","0","13.56","Humid","66.00","1","45.00","442914.59","SABD0001000008","AAV1.0.0.11","2.1.0.443","PSt7-10","171011-004","6/6/2018 9:03:33 AM","1443-01","0","no battery","V"
"08/07/2018","15:22:23","4","default","90137121","O4","5.966","min","191.754","μmol/L","Humid","20.868","deg","124546","µV","27.935","°C","1011.000","hPa","39.0","pmil","0","55.550","deg","20.000","°C","100.000","%a.s.","22.120","deg","20.000","°C","976.000","hPa","0.861","-0.02617","0.00035","0","0","13.56","Humid","66.00","1","45.00","442908.41","SABD0001000008","AAV1.0.0.11","2.1.0.443","PSt7-10","171011-004","6/6/2018 9:03:33 AM","1443-01","0","no battery","V"
"08/07/2018","15:22:24","4","default","90137121","O4","5.982","min","191.689","μmol/L","Humid","20.873","deg","124559","µV","27.932","°C","1011.000","hPa","39.0","pmil","0","55.550","deg","20.000","°C","100.000","%a.s.","22.120","deg","20.000","°C","976.000","hPa","0.861","-0.02617","0.00035","0","0","13.56","Humid","66.00","1","45.00","442919.79","SABD0001000008","AAV1.0.0.11","2.1.0.443","PSt7-10","171011-004","6/6/2018 9:03:33 AM","1443-01","0","no battery","V"
"08/07/2018","15:22:25","4","default","90137121","O4","5.998","min","191.745","μmol/L","Humid","20.872","deg","124561","µV","27.925","°C","1011.000","hPa","39.0","pmil","0","55.550","deg","20.000","°C","100.000","%a.s.","22.120","deg","20.000","°C","976.000","hPa","0.861","-0.02617","0.00035","0","0","13.56","Humid","66.00","1","45.00","442911.58","SABD0001000008","AAV1.0.0.11","2.1.0.443","PSt7-10","171011-004","6/6/2018 9:03:33 AM","1443-01","0","no battery","V"
"08/07/2018","15:22:26","4","default","90137121","O4","6.016","min","191.763","μmol/L","Humid","20.873","deg","124568","µV","27.919","°C","1011.000","hPa","39.0","pmil","0","55.550","deg","20.000","°C","100.000","%a.s.","22.120","deg","20.000","°C","976.000","hPa","0.861","-0.02617","0.00035","0","0","13.56","Humid","66.00","1","45.00","442902.61","SABD0001000008","AAV1.0.0.11","2.1.0.443","PSt7-10","171011-004","6/6/2018 9:03:33 AM","1443-01","0","no battery","V"
"08/07/2018","15:22:27","4","default","90137121","O4","6.032","min","191.716","μmol/L","Humid","20.875","deg","124576","µV","27.921","°C","1011.000","hPa","39.0","pmil","0","55.550","deg","20.000","°C","100.000","%a.s.","22.120","deg","20.000","°C","976.000","hPa","0.861","-0.02617","0.00035","0","0","13.56","Humid","66.00","1","45.00","442891.09","SABD0001000008","AAV1.0.0.11","2.1.0.443","PSt7-10","171011-004","6/6/2018 9:03:33 AM","1443-01","0","no battery","V"
"08/07/2018","15:22:28","4","default","90137121","O4","6.049","min","191.816","μmol/L","Humid","20.872","deg","124580","µV","27.912","°C","1011.000","hPa","39.0","pmil","0","55.550","deg","20.000","°C","100.000","%a.s.","22.120","deg","20.000","°C","976.000","hPa","0.861","-0.02617","0.00035","0","0","13.56","Humid","66.00","1","45.00","442900.11","SABD0001000008","AAV1.0.0.11","2.1.0.443","PSt7-10","171011-004","6/6/2018 9:03:33 AM","1443-01","0","no battery","V"
"08/07/2018","15:22:29","4","default","90137121","O4","6.066","min","191.695","μmol/L","Humid","20.877","deg","124593","µV","27.919","°C","1011.000","hPa","39.0","pmil","0","55.550","deg","20.000","°C","100.000","%a.s.","22.120","deg","20.000","°C","976.000","hPa","0.861","-0.02617","0.00035","0","0","13.56","Humid","66.00","1","45.00","442911.61","SABD0001000008","AAV1.0.0.11","2.1.0.443","PSt7-10","171011-004","6/6/2018 9:03:33 AM","1443-01","0","no battery","V"
"08/07/2018","15:22:30","4","default","90137121","O4","6.082","min","191.645","μmol/L","Humid","20.879","deg","124607","µV","27.921","°C","1011.000","hPa","39.0","pmil","0","55.550","deg","20.000","°C","100.000","%a.s.","22.120","deg","20.000","°C","976.000","hPa","0.861","-0.02617","0.00035","0","0","13.56","Humid","66.00","1","45.00","442915.60","SABD0001000008","AAV1.0.0.11","2.1.0.443","PSt7-10","171011-004","6/6/2018 9:03:33 AM","1443-01","0","no battery","V"
"08/07/2018","15:22:31","4","default","90137121","O4","6.098","min","191.659","μmol/L","Humid","20.878","deg","124605","µV","27.922","°C","1011.000","hPa","39.0","pmil","0","55.550","deg","20.000","°C","100.000","%a.s.","22.120","deg","20.000","°C","976.000","hPa","0.861","-0.02617","0.00035","0","0","13.56","Humid","66.00","1","45.00","442899.18","SABD0001000008","AAV1.0.0.11","2.1.0.443","PSt7-10","171011-004","6/6/2018 9:03:33 AM","1443-01","0","no battery","V"
"08/07/2018","15:22:32","4","default","90137121","O4","6.116","min","191.601","μmol/L","Humid","20.879","deg","124614","µV","27.929","°C","1011.000","hPa","39.0","pmil","0","55.550","deg","20.000","°C","100.000","%a.s.","22.120","deg","20.000","°C","976.000","hPa","0.861","-0.02617","0.00035","0","0","13.56","Humid","66.00","1","45.00","442907.42","SABD0001000008","AAV1.0.0.11","2.1.0.443","PSt7-10","171011-004","6/6/2018 9:03:33 AM","1443-01","0","no battery","V"
"08/07/2018","15:22:33","4","default","90137121","O4","6.132","min","191.599","μmol/L","Humid","20.878","deg","124612","µV","27.932","°C","1011.000","hPa","39.0","pmil","0","55.550","deg","20.000","°C","100.000","%a.s.","22.120","deg","20.000","°C","976.000","hPa","0.861","-0.02617","0.00035","0","0","13.56","Humid","66.00","1","45.00","442894.45","SABD0001000008","AAV1.0.0.11","2.1.0.443","PSt7-10","171011-004","6/6/2018 9:03:33 AM","1443-01","0","no battery","V"
"08/07/2018","15:22:34","4","default","90137121","O4","6.149","min","191.645","μmol/L","Humid","20.878","deg","124623","µV","27.924","°C","1011.000","hPa","39.0","pmil","0","55.550","deg","20.000","°C","100.000","%a.s.","22.120","deg","20.000","°C","976.000","hPa","0.861","-0.02617","0.00035","0","0","13.56","Humid","66.00","1","45.00","442907.81","SABD0001000008","AAV1.0.0.11","2.1.0.443","PSt7-10","171011-004","6/6/2018 9:03:33 AM","1443-01","0","no battery","V"
"08/07/2018","15:22:35","4","default","90137121","O4","6.166","min","191.613","μmol/L","Humid","20.881","deg","124622","µV","27.921","°C","1011.000","hPa","39.0","pmil","0","55.550","deg","20.000","°C","100.000","%a.s.","22.120","deg","20.000","°C","976.000","hPa","0.861","-0.02617","0.00035","0","0","13.56","Humid","66.00","1","45.00","442906.88","SABD0001000008","AAV1.0.0.11","2.1.0.443","PSt7-10","171011-004","6/6/2018 9:03:33 AM","1443-01","0","no battery","V"
"08/07/2018","15:22:36","4","default","90137121","O4","6.182","min","191.553","μmol/L","Humid","20.882","deg","124631","µV","27.928","°C","1011.000","hPa","39.0","pmil","0","55.550","deg","20.000","°C","100.000","%a.s.","22.120","deg","20.000","°C","976.000","hPa","0.861","-0.02617","0.00035","0","0","13.56","Humid","66.00","1","45.00","442903.12","SABD0001000008","AAV1.0.0.11","2.1.0.443","PSt7-10","171011-004","6/6/2018 9:03:33 AM","1443-01","0","no battery","V"
"08/07/2018","15:22:37","4","default","90137121","O4","6.199","min","191.517","μmol/L","Humid","20.887","deg","124641","µV","27.920","°C","1011.000","hPa","39.0","pmil","0","55.550","deg","20.000","°C","100.000","%a.s.","22.120","deg","20.000","°C","976.000","hPa","0.861","-0.02617","0.00035","0","0","13.56","Humid","66.00","1","45.00","442913.99","SABD0001000008","AAV1.0.0.11","2.1.0.443","PSt7-10","171011-004","6/6/2018 9:03:33 AM","1443-01","0","no battery","V"
"08/07/2018","15:22:38","4","default","90137121","O4","6.216","min","191.632","μmol/L","Humid","20.882","deg","124653","µV","27.915","°C","1011.000","hPa","39.0","pmil","0","55.550","deg","20.000","°C","100.000","%a.s.","22.120","deg","20.000","°C","976.000","hPa","0.861","-0.02617","0.00035","0","0","13.56","Humid","66.00","1","45.00","442925.65","SABD0001000008","AAV1.0.0.11","2.1.0.443","PSt7-10","171011-004","6/6/2018 9:03:33 AM","1443-01","0","no battery","V"
"08/07/2018","15:22:39","4","default","90137121","O4","6.232","min","191.643","μmol/L","Humid","20.882","deg","124647","µV","27.913","°C","1011.000","hPa","39.0","pmil","0","55.550","deg","20.000","°C","100.000","%a.s.","22.120","deg","20.000","°C","976.000","hPa","0.861","-0.02617","0.00035","0","0","13.56","Humid","66.00","1","45.00","442917.67","SABD0001000008","AAV1.0.0.11","2.1.0.443","PSt7-10","171011-004","6/6/2018 9:03:33 AM","1443-01","0","no battery","V"
"08/07/2018","15:22:40","4","default","90137121","O4","6.249","min","191.572","μmol/L","Humid","20.884","deg","124658","µV","27.919","°C","1011.000","hPa","39.0","pmil","0","55.550","deg","20.000","°C","100.000","%a.s.","22.120","deg","20.000","°C","976.000","hPa","0.861","-0.02617","0.00035","0","0","13.56","Humid","66.00","1","45.00","442913.45","SABD0001000008","AAV1.0.0.11","2.1.0.443","PSt7-10","171011-004","6/6/2018 9:03:33 AM","1443-01","0","no battery","V"
"08/07/2018","15:22:41","4","default","90137121","O4","6.265","min","191.477","μmol/L","Humid","20.883","deg","124666","µV","27.939","°C","1011.000","hPa","39.0","pmil","0","55.550","deg","20.000","°C","100.000","%a.s.","22.120","deg","20.000","°C","976.000","hPa","0.861","-0.02617","0.00035","0","0","13.56","Humid","66.00","1","45.00","442909.87","SABD0001000008","AAV1.0.0.11","2.1.0.443","PSt7-10","171011-004","6/6/2018 9:03:33 AM","1443-01","0","no battery","V"
"08/07/2018","15:22:42","4","default","90137121","O4","6.282","min","191.443","μmol/L","Humid","20.887","deg","124665","µV","27.933","°C","1011.000","hPa","39.0","pmil","0","55.550","deg","20.000","°C","100.000","%a.s.","22.120","deg","20.000","°C","976.000","hPa","0.861","-0.02617","0.00035","0","0","13.56","Humid","66.00","1","45.00","442906.61","SABD0001000008","AAV1.0.0.11","2.1.0.443","PSt7-10","171011-004","6/6/2018 9:03:33 AM","1443-01","0","no battery","V"
"08/07/2018","15:22:43","4","default","90137121","O4","6.299","min","191.409","μmol/L","Humid","20.891","deg","124678","µV","27.927","°C","1011.000","hPa","39.0","pmil","0","55.550","deg","20.000","°C","100.000","%a.s.","22.120","deg","20.000","°C","976.000","hPa","0.861","-0.02617","0.00035","0","0","13.56","Humid","66.00","1","45.00","442912.56","SABD0001000008","AAV1.0.0.11","2.1.0.443","PSt7-10","171011-004","6/6/2018 9:03:33 AM","1443-01","0","no battery","V"
"08/07/2018","15:22:44","4","default","90137121","O4","6.316","min","191.480","μmol/L","Humid","20.888","deg","124679","µV","27.923","°C","1011.000","hPa","39.0","pmil","0","55.550","deg","20.000","°C","100.000","%a.s.","22.120","deg","20.000","°C","976.000","hPa","0.861","-0.02617","0.00035","0","0","13.56","Humid","66.00","1","45.00","442906.38","SABD0001000008","AAV1.0.0.11","2.1.0.443","PSt7-10","171011-004","6/6/2018 9:03:33 AM","1443-01","0","no battery","V"
"08/07/2018","15:22:45","4","default","90137121","O4","6.332","min","191.413","μmol/L","Humid","20.891","deg","124691","µV","27.926","°C","1011.000","hPa","39.0","pmil","0","55.550","deg","20.000","°C","100.000","%a.s.","22.120","deg","20.000","°C","976.000","hPa","0.861","-0.02617","0.00035","0","0","13.56","Humid","66.00","1","45.00","442911.17","SABD0001000008","AAV1.0.0.11","2.1.0.443","PSt7-10","171011-004","6/6/2018 9:03:33 AM","1443-01","0","no battery","V"
"08/07/2018","15:22:46","4","default","90137121","O4","6.349","min","191.468","μmol/L","Humid","20.889","deg","124696","µV","27.923","°C","1011.000","hPa","39.0","pmil","0","55.550","deg","20.000","°C","100.000","%a.s.","22.120","deg","20.000","°C","976.000","hPa","0.861","-0.02617","0.00035","0","0","13.56","Humid","66.00","1","45.00","442897.59","SABD0001000008","AAV1.0.0.11","2.1.0.443","PSt7-10","171011-004","6/6/2018 9:03:33 AM","1443-01","0","no battery","V"
"08/07/2018","15:22:47","4","default","90137121","O4","6.365","min","191.536","μmol/L","Humid","20.890","deg","124698","µV","27.908","°C","1011.000","hPa","39.0","pmil","0","55.550","deg","20.000","°C","100.000","%a.s.","22.120","deg","20.000","°C","976.000","hPa","0.861","-0.02617","0.00035","0","0","13.56","Humid","66.00","1","45.00","442904.40","SABD0001000008","AAV1.0.0.11","2.1.0.443","PSt7-10","171011-004","6/6/2018 9:03:33 AM","1443-01","0","no battery","V"
"08/07/2018","15:22:48","4","default","90137121","O4","6.382","min","191.474","μmol/L","Humid","20.890","deg","124706","µV","27.919","°C","1011.000","hPa","39.0","pmil","0","55.550","deg","20.000","°C","100.000","%a.s.","22.120","deg","20.000","°C","976.000","hPa","0.861","-0.02617","0.00035","0","0","13.56","Humid","66.00","1","45.00","442891.71","SABD0001000008","AAV1.0.0.11","2.1.0.443","PSt7-10","171011-004","6/6/2018 9:03:33 AM","1443-01","0","no battery","V"
"08/07/2018","15:22:49","4","default","90137121","O4","6.399","min","191.288","μmol/L","Humid","20.896","deg","124711","µV","27.933","°C","1011.000","hPa","39.0","pmil","0","55.550","deg","20.000","°C","100.000","%a.s.","22.120","deg","20.000","°C","976.000","hPa","0.861","-0.02617","0.00035","0","0","13.56","Humid","66.00","1","45.00","442889.07","SABD0001000008","AAV1.0.0.11","2.1.0.443","PSt7-10","171011-004","6/6/2018 9:03:33 AM","1443-01","0","no battery","V"
"08/07/2018","15:22:50","4","default","90137121","O4","6.415","min","191.326","μmol/L","Humid","20.895","deg","124724","µV","27.929","°C","1011.000","hPa","39.0","pmil","0","55.550","deg","20.000","°C","100.000","%a.s.","22.120","deg","20.000","°C","976.000","hPa","0.861","-0.02617","0.00035","0","0","13.56","Humid","66.00","1","45.00","442891.18","SABD0001000008","AAV1.0.0.11","2.1.0.443","PSt7-10","171011-004","6/6/2018 9:03:33 AM","1443-01","0","no battery","V"

"Date","Time","delta_t","Device_Serial","Channel","User","Annotation"
